117 336 52
N 0 -5.516019 -38.268638 31
N 1 -5.518938 -38.270743 49,32,41,0
N 2 -5.517860 -38.273936 33,6
N 3 -5.517966 -38.273351 33,7
N 4 -5.518212 -38.272662 34,42,7
N 5 -5.518403 -38.272146 42,35,8
N 6 -5.518738 -38.271223 49,32,35,8
N 7 -5.516143 -38.270191 -1
N 8 -5.520344 -38.271819 50,32,10,9
N 9 -5.520923 -38.272044 50,9,11
N 10 -5.521657 -38.272298 50,12,46,11
N 11 -5.523250 -38.272868 -1
N 12 -5.520624 -38.275521 -1
N 13 -5.520750 -38.274958 13
N 14 -5.520842 -38.274566 14,15,13
N 15 -5.521328 -38.273131 12,17,11,16
N 16 -5.521828 -38.271845 50,46,36,18
N 17 -5.521652 -38.275107 13
N 18 -5.521683 -38.274712 15,13
N 19 -5.521696 -38.273877 15,17
N 20 -5.521696 -38.273245 12,17
N 21 -5.519831 -38.274367 1,51
N 22 -5.520168 -38.274427 14,51
N 23 -5.522151 -38.274748 -1
N 24 -5.520388 -38.273663 14,51,16
N 25 -5.520623 -38.272912 9,51,11,16
N 26 -5.520032 -38.272708 42,10,9,51
N 27 -5.519557 -38.272536 42,10,8
N 28 -5.517376 -38.271827 -1
N 29 -5.516455 -38.272050 -1
N 30 -5.519831 -38.273212 42,51,7
N 31 -5.520519 -38.271358 50,32,41
N 32 -5.517209 -38.273257 -1
N 33 -5.519609 -38.273606 33,51,7
N 34 -5.522795 -38.275353 -1
N 35 -5.516786 -38.269202 31,37,47
N 36 -5.516988 -38.268696 31,19,37,2
N 37 -5.517323 -38.267633 20
N 38 -5.517876 -38.269593 38,43,37
N 39 -5.518056 -38.269037 21,38,19,37
N 40 -5.518215 -38.268494 21,19,20,39
N 41 -5.518383 -38.267975 20,22,39
N 42 -5.518362 -38.270341 49,43,0
N 43 -5.518539 -38.267442 22
N 44 -5.519212 -38.270087 38,40,43
N 45 -5.519448 -38.269490 21,38,23
N 46 -5.519640 -38.268910 21,39
N 47 -5.519796 -38.268428 22,39
N 48 -5.519950 -38.267925 22
N 49 -5.521797 -38.270878 48,24,44
N 50 -5.521984 -38.271468 24,45,36,18
N 51 -5.522138 -38.270971 24,44,45
N 52 -5.522272 -38.268686 -1
N 53 -5.522267 -38.271013 25,45
N 54 -5.522436 -38.272068 46,26,18
N 55 -5.522581 -38.271666 26,45,18
N 56 -5.523059 -38.271291 26,45
N 57 -5.523184 -38.272357 46
N 58 -5.519041 -38.270521 40,43,41,0
N 59 -5.518110 -38.272079 34,35
N 60 -5.518636 -38.271181 49,35
N 61 -5.522972 -38.272753 46
N 62 -5.521101 -38.273773 14,15,17,16
N 63 -5.522989 -38.274056 -1
N 64 -5.519468 -38.274288 33,3,1,51
N 65 -5.519396 -38.274453 3,6,1
N 66 -5.519189 -38.274972 6
N 67 -5.519529 -38.275087 -1
N 68 -5.519886 -38.271642 32,10,8
N 69 -5.517933 -38.272559 34
N 70 -5.516700 -38.267439 -1
N 71 -5.521436 -38.271704 50,27,36
N 72 -5.521662 -38.271352 48,24,36
N 73 -5.521565 -38.271316 48,27,36
N 74 -5.521355 -38.271255 48,28,27
N 75 -5.521234 -38.271630 50,28,27
N 76 -5.520595 -38.271028 48,40,41
N 77 -5.520723 -38.270543 48,40,44,23
N 78 -5.516725 -38.270413 49
N 79 -5.516876 -38.270172 4,49
N 80 -5.516885 -38.269384 4,47
N 81 -5.517446 -38.269750 49,43,47
N 82 -5.517577 -38.269487 43,37,47
N 83 -5.517154 -38.268155 19,20,2
N 84 -5.518387 -38.272192 34,42,35
N 85 -5.522851 -38.270485 30,29
N 86 -5.517183 -38.273794 -1
N 87 -5.522426 -38.268044 -1
N 88 -5.520847 -38.270138 44,23
N 89 -5.515745 -38.268392 -1
N 90 -5.514674 -38.267964 -1
N 91 -5.521061 -38.271567 50,28,41
N 92 -5.521187 -38.271200 48,28,41
N 93 -5.519929 -38.268539 -1
N 94 -5.519774 -38.268494 39
N 95 -5.519945 -38.273582 -1
N 96 -5.517240 -38.269613 4,49,47
N 97 -5.518079 -38.272068 34
N 98 -5.518693 -38.274131 33,3,6
N 99 -5.523072 -38.272310 46,26
N 100 -5.521709 -38.272317 12,46
N 101 -5.522393 -38.270753 25,30
N 102 -5.522340 -38.270691 44,25,30
N 103 -5.523114 -38.270268 29
N 104 -5.522812 -38.270432 30,29
N 105 -5.522190 -38.270988 44,25,45
N 106 -5.523146 -38.270317 29
N 107 -5.522295 -38.268591 -1
N 108 -5.519286 -38.270111 38,40,23
N 109 -5.516165 -38.268449 31,2
N 110 -5.515864 -38.268544 -1
N 111 -5.516141 -38.268859 -1
N 112 -5.516434 -38.269131 5
N 113 -5.516582 -38.269190 5,47
N 114 -5.516502 -38.269112 31,5,47
N 115 -5.521102 -38.275395 -1
N 116 -5.521438 -38.275786 -1
A 0 109 26.488 31
A 0 114 75.382 -1
A 1 58 27.100 41
A 1 6 57.533 49
A 1 31 188.601 32
A 1 42 78.025 0
A 2 86 76.806 -1
A 2 98 95.109 6
A 2 66 221.999 -1
A 2 3 65.851 33
A 3 2 65.851 -1
A 3 33 184.815 33
A 3 32 84.866 -1
A 3 4 81.105 7
A 4 3 81.105 -1
A 4 30 190.102 7
A 4 69 32.949 34
A 4 84 55.528 42
A 5 27 135.430 42
A 5 6 108.764 8
A 5 84 5.389 35
A 6 1 57.533 32
A 6 5 108.764 35
A 6 68 135.822 8
A 6 60 12.202 49
A 7 78 69.338 -1
A 8 9 68.986 9
A 8 68 54.624 32
A 8 31 54.517 50
A 8 26 104.385 10
A 9 8 68.986 50
A 9 10 86.407 11
A 9 25 101.689 9
A 10 9 86.407 50
A 10 100 6.128 12
A 10 16 53.645 46
A 10 15 99.203 11
A 11 61 33.366 -1
A 12 13 63.903 -1
A 13 12 63.903 -1
A 13 14 44.535 13
A 13 17 101.687 -1
A 14 13 44.535 -1
A 14 18 94.970 13
A 14 22 76.463 14
A 14 62 92.328 15
A 15 10 99.203 12
A 15 62 75.448 16
A 15 25 82.037 11
A 15 20 42.863 17
A 16 10 53.645 50
A 16 71 46.259 36
A 16 54 71.966 46
A 16 50 45.165 18
A 17 13 101.687 13
A 17 34 129.959 -1
A 17 18 43.860 -1
A 17 116 78.978 -1
A 18 14 94.970 15
A 18 17 43.860 13
A 18 19 92.483 -1
A 18 23 52.199 -1
A 19 18 92.483 15
A 19 20 69.916 -1
A 19 62 67.186 17
A 19 63 145.126 -1
A 20 15 42.863 12
A 20 19 69.916 17
A 20 100 102.709 -1
A 21 22 38.102 -1
A 21 64 41.246 51
A 21 65 62.784 1
A 22 14 76.463 -1
A 22 21 38.102 51
A 22 24 88.005 14
A 23 18 52.199 -1
A 24 22 88.005 51
A 24 95 50.043 -1
A 24 62 80.156 14
A 24 25 87.072 16
A 25 9 101.689 11
A 25 15 82.037 16
A 25 24 87.072 51
A 25 26 69.512 9
A 26 8 104.385 9
A 26 25 69.512 51
A 26 27 56.092 10
A 26 30 60.472 42
A 27 5 135.430 8
A 27 26 56.092 42
A 27 68 105.460 10
A 28 97 82.656 -1
A 29 69 173.794 -1
A 30 4 190.102 42
A 30 26 60.472 51
A 30 33 54.260 7
A 31 1 188.601 41
A 31 8 54.517 32
A 31 91 64.514 50
A 32 3 84.866 -1
A 33 3 184.815 7
A 33 30 54.260 51
A 33 64 80.703 33
A 34 17 129.959 -1
A 35 82 93.542 47
A 35 36 60.384 37
A 35 114 33.199 31
A 36 35 60.384 31
A 36 39 124.596 37
A 36 83 62.610 19
A 36 109 95.517 2
A 37 41 123.772 20
A 37 70 72.544 -1
A 37 83 60.817 -1
A 38 82 35.208 37
A 38 44 158.255 43
A 38 39 64.778 38
A 39 36 124.596 19
A 39 38 64.778 37
A 39 45 162.733 38
A 39 40 62.650 21
A 40 39 62.650 19
A 40 46 165.083 21
A 40 83 123.770 20
A 40 41 60.411 39
A 41 37 123.772 -1
A 41 40 60.411 20
A 41 47 164.945 39
A 41 43 61.443 22
A 42 81 121.063 43
A 42 1 78.025 49
A 42 58 78.078 0
A 43 41 61.443 -1
A 43 48 165.729 22
A 44 38 158.255 38
A 44 108 8.661 40
A 44 58 51.709 43
A 45 39 162.733 21
A 45 46 67.658 -1
A 45 88 187.360 23
A 45 108 71.160 38
A 46 40 165.083 39
A 46 45 67.658 21
A 46 94 48.351 -1
A 47 41 164.945 22
A 47 48 58.232 -1
A 47 94 7.746 39
A 48 43 165.729 -1
A 48 47 58.232 22
A 48 52 271.626 -1
A 49 72 54.564 48
A 49 77 125.060 44
A 49 51 39.214 24
A 50 16 45.165 36
A 50 72 38.048 24
A 50 51 57.664 45
A 50 55 69.943 18
A 51 49 39.214 44
A 51 50 57.664 24
A 51 105 6.081 45
A 52 48 271.626 -1
A 52 107 10.778 -1
A 53 105 8.994 25
A 53 56 93.266 45
A 53 101 32.600 -1
A 54 16 71.966 18
A 54 55 47.328 26
A 54 99 75.639 46
A 55 50 69.943 45
A 55 54 47.328 18
A 55 56 90.075 26
A 56 53 93.266 -1
A 56 55 90.075 45
A 56 99 137.804 26
A 57 99 13.533 -1
A 57 61 49.750 46
A 58 1 27.100 0
A 58 44 51.709 40
A 58 42 78.078 43
A 58 76 181.708 41
A 59 97 3.641 -1
A 59 84 33.198 34
A 59 60 115.344 35
A 60 6 12.202 35
A 60 59 115.344 -1
A 60 78 228.797 49
A 61 11 33.366 -1
A 61 57 49.750 -1
A 61 100 148.488 46
A 62 14 92.328 14
A 62 15 75.448 17
A 62 19 67.186 15
A 62 24 80.156 16
A 63 19 145.126 -1
A 64 21 41.246 1
A 64 33 80.703 51
A 64 65 19.934 3
A 64 98 87.989 33
A 65 21 62.784 -1
A 65 64 19.934 1
A 65 66 61.879 6
A 65 98 87.532 3
A 66 2 221.999 6
A 66 65 61.879 -1
A 66 67 39.860 -1
A 67 66 39.860 -1
A 68 6 135.822 32
A 68 8 54.624 10
A 68 27 105.460 8
A 69 4 32.949 -1
A 69 29 173.794 -1
A 69 97 56.688 34
A 70 37 72.544 -1
A 71 16 46.259 50
A 71 73 45.286 36
A 71 75 24.021 27
A 72 49 54.564 24
A 72 50 38.048 36
A 72 73 11.530 48
A 73 71 45.286 27
A 73 72 11.530 36
A 73 74 24.234 48
A 74 73 24.234 27
A 74 92 19.644 48
A 74 75 43.610 28
A 75 71 24.021 50
A 75 74 43.610 27
A 75 91 20.425 28
A 76 58 181.708 40
A 76 77 55.639 48
A 76 92 68.514 41
A 77 49 125.060 48
A 77 76 55.639 40
A 77 108 166.831 23
A 77 88 46.881 44
A 78 7 69.338 -1
A 78 60 228.797 -1
A 78 79 31.484 49
A 79 78 31.484 -1
A 79 96 73.961 49
A 79 80 114.520 4
A 80 79 114.520 -1
A 80 113 39.992 47
A 80 96 46.929 4
A 81 42 121.063 49
A 81 82 32.580 43
A 81 96 27.421 47
A 82 35 93.542 37
A 82 38 35.208 43
A 82 81 32.580 47
A 83 36 62.610 2
A 83 37 60.817 20
A 83 40 123.770 19
A 83 109 125.669 -1
A 84 4 55.528 34
A 84 5 5.389 42
A 84 59 33.198 35
A 85 104 7.329 29
A 85 106 37.780 -1
A 85 101 58.951 30
A 86 2 76.806 -1
A 87 107 62.292 -1
A 88 45 187.360 -1
A 88 77 46.881 23
A 88 102 177.547 44
A 89 110 21.343 -1
A 89 90 129.410 -1
A 90 89 129.410 -1
A 91 31 64.514 41
A 91 75 20.425 50
A 91 92 42.972 28
A 92 74 19.644 28
A 92 91 42.972 41
A 92 76 68.514 48
A 93 94 17.950 -1
A 94 46 48.351 39
A 94 47 7.746 -1
A 94 93 17.950 -1
A 95 24 50.043 -1
A 96 79 73.961 4
A 96 80 46.929 47
A 96 81 27.421 49
A 97 28 82.656 -1
A 97 59 3.641 34
A 97 69 56.688 -1
A 98 2 95.109 33
A 98 64 87.989 3
A 98 65 87.532 6
A 99 54 75.639 26
A 99 56 137.804 -1
A 99 57 13.533 46
A 100 10 6.128 46
A 100 20 102.709 12
A 100 61 148.488 -1
A 101 53 32.600 25
A 101 102 9.041 30
A 101 85 58.951 -1
A 102 88 177.547 -1
A 102 101 9.041 25
A 102 105 37.565 44
A 102 104 59.854 30
A 103 106 6.532 29
A 103 104 38.173 -1
A 104 85 7.329 30
A 104 103 38.173 29
A 104 102 59.854 -1
A 105 51 6.081 44
A 105 53 8.994 45
A 105 102 37.565 25
A 106 85 37.780 29
A 106 103 6.532 -1
A 107 52 10.778 -1
A 107 87 62.292 -1
A 108 44 8.661 38
A 108 45 71.160 23
A 108 77 166.831 40
A 109 0 26.488 -1
A 109 36 95.517 31
A 109 83 125.669 2
A 110 89 21.343 -1
A 110 111 46.583 -1
A 111 110 46.583 -1
A 111 112 44.471 -1
A 112 111 44.471 -1
A 112 114 7.884 5
A 112 113 17.738 -1
A 113 80 39.992 -1
A 113 112 17.738 5
A 113 114 12.366 47
A 114 35 33.199 47
A 114 112 7.884 -1
A 114 113 12.366 5
A 114 0 75.382 31
A 115 116 75.540 -1
A 116 17 78.978 -1
A 116 115 75.540 -1
B 7 1
B 13 2
B 14 3
B 17 2
B 20 1
B 22 1
B 26 1
B 32 1
B 40 2
B 42 2
B 46 3
B 48 1
B 49 11
B 50 2
