60 170 26
N 0 -5.518938 -38.270743 21,24,16,0
N 1 -5.517860 -38.273936 17
N 2 -5.517966 -38.273351 4,17
N 3 -5.518212 -38.272662 4,22,18
N 4 -5.518403 -38.272146 5,19,22
N 5 -5.518738 -38.271223 5,19,24,16
N 6 -5.520344 -38.271819 6,7,16
N 7 -5.520923 -38.272044 6,8
N 8 -5.521657 -38.272298 9,8
N 9 -5.520842 -38.274566 10
N 10 -5.521328 -38.273131 12,9,8,11
N 11 -5.521696 -38.273877 12
N 12 -5.521696 -38.273245 12,9
N 13 -5.519831 -38.274367 1,25
N 14 -5.520168 -38.274427 10,25
N 15 -5.520388 -38.273663 10,25,11
N 16 -5.520623 -38.272912 6,8,11,25
N 17 -5.520032 -38.272708 6,25,7,22
N 18 -5.519557 -38.272536 5,7,22
N 19 -5.517376 -38.271827 -1
N 20 -5.516455 -38.272050 -1
N 21 -5.519831 -38.273212 4,25,22
N 22 -5.520519 -38.271358 21,16
N 23 -5.517209 -38.273257 -1
N 24 -5.519609 -38.273606 4,17,25
N 25 -5.517876 -38.269593 23
N 26 -5.518362 -38.270341 24,23,0
N 27 -5.519212 -38.270087 20,23
N 28 -5.519448 -38.269490 13
N 29 -5.519041 -38.270521 21,20,23,0
N 30 -5.518110 -38.272079 19,18
N 31 -5.518636 -38.271181 19,24
N 32 -5.521101 -38.273773 12,10,11
N 33 -5.519468 -38.274288 1,17,25,2
N 34 -5.519396 -38.274453 1,2
N 35 -5.519886 -38.271642 5,7,16
N 36 -5.517933 -38.272559 18
N 37 -5.521436 -38.271704 14
N 38 -5.521662 -38.271352 -1
N 39 -5.521565 -38.271316 14
N 40 -5.521355 -38.271255 14,15
N 41 -5.521234 -38.271630 14,15
N 42 -5.520595 -38.271028 21,20
N 43 -5.520723 -38.270543 20,13
N 44 -5.516725 -38.270413 24
N 45 -5.516876 -38.270172 3,24
N 46 -5.516885 -38.269384 3
N 47 -5.517446 -38.269750 24,23
N 48 -5.517577 -38.269487 23
N 49 -5.518387 -38.272192 19,22,18
N 50 -5.517183 -38.273794 -1
N 51 -5.520847 -38.270138 13
N 52 -5.521061 -38.271567 21,15
N 53 -5.521187 -38.271200 21,15
N 54 -5.519945 -38.273582 -1
N 55 -5.517240 -38.269613 3,24
N 56 -5.518079 -38.272068 18
N 57 -5.518693 -38.274131 17,2
N 58 -5.521709 -38.272317 9
N 59 -5.519286 -38.270111 20,13
A 0 29 27.100 21
A 0 5 57.533 24
A 0 22 188.601 16
A 0 26 78.025 0
A 1 50 76.806 -1
A 1 57 95.109 -1
A 1 2 65.851 17
A 2 1 65.851 -1
A 2 24 184.815 17
A 2 23 84.866 -1
A 2 3 81.105 4
A 3 2 81.105 -1
A 3 21 190.102 4
A 3 36 32.949 18
A 3 49 55.528 22
A 4 18 135.430 22
A 4 5 108.764 5
A 4 49 5.389 19
A 5 0 57.533 16
A 5 4 108.764 19
A 5 35 135.822 5
A 5 31 12.202 24
A 6 7 68.986 6
A 6 35 54.624 16
A 6 22 54.517 -1
A 6 17 104.385 7
A 7 6 68.986 -1
A 7 8 86.407 8
A 7 16 101.689 6
A 8 7 86.407 -1
A 8 58 6.128 9
A 8 10 99.203 8
A 9 14 76.463 10
A 9 32 92.328 -1
A 10 8 99.203 9
A 10 32 75.448 11
A 10 16 82.037 8
A 10 12 42.863 12
A 11 12 69.916 -1
A 11 32 67.186 12
A 12 10 42.863 9
A 12 11 69.916 12
A 12 58 102.709 -1
A 13 14 38.102 -1
A 13 33 41.246 25
A 13 34 62.784 1
A 14 9 76.463 -1
A 14 13 38.102 25
A 14 15 88.005 10
A 15 14 88.005 25
A 15 54 50.043 -1
A 15 32 80.156 10
A 15 16 87.072 11
A 16 7 101.689 8
A 16 10 82.037 11
A 16 15 87.072 25
A 16 17 69.512 6
A 17 6 104.385 6
A 17 16 69.512 25
A 17 18 56.092 7
A 17 21 60.472 22
A 18 4 135.430 5
A 18 17 56.092 22
A 18 35 105.460 7
A 19 56 82.656 -1
A 20 36 173.794 -1
A 21 3 190.102 22
A 21 17 60.472 25
A 21 24 54.260 4
A 22 0 188.601 21
A 22 6 54.517 16
A 22 52 64.514 -1
A 23 2 84.866 -1
A 24 2 184.815 4
A 24 21 54.260 25
A 24 33 80.703 17
A 25 48 35.208 -1
A 25 27 158.255 23
A 26 47 121.063 23
A 26 0 78.025 24
A 26 29 78.078 0
A 27 25 158.255 -1
A 27 59 8.661 20
A 27 29 51.709 23
A 28 51 187.360 13
A 28 59 71.160 -1
A 29 0 27.100 0
A 29 27 51.709 20
A 29 26 78.078 23
A 29 42 181.708 21
A 30 56 3.641 -1
A 30 49 33.198 18
A 30 31 115.344 19
A 31 5 12.202 19
A 31 30 115.344 -1
A 31 44 228.797 24
A 32 9 92.328 10
A 32 10 75.448 12
A 32 11 67.186 -1
A 32 15 80.156 11
A 33 13 41.246 1
A 33 24 80.703 25
A 33 34 19.934 2
A 33 57 87.989 17
A 34 13 62.784 -1
A 34 33 19.934 1
A 34 57 87.532 2
A 35 5 135.822 16
A 35 6 54.624 7
A 35 18 105.460 5
A 36 3 32.949 -1
A 36 20 173.794 -1
A 36 56 56.688 18
A 37 39 45.286 -1
A 37 41 24.021 14
A 38 39 11.530 -1
A 39 37 45.286 14
A 39 38 11.530 -1
A 39 40 24.234 -1
A 40 39 24.234 14
A 40 53 19.644 -1
A 40 41 43.610 15
A 41 37 24.021 -1
A 41 40 43.610 14
A 41 52 20.425 15
A 42 29 181.708 20
A 42 43 55.639 -1
A 42 53 68.514 21
A 43 42 55.639 20
A 43 59 166.831 13
A 43 51 46.881 -1
A 44 31 228.797 -1
A 44 45 31.484 24
A 45 44 31.484 -1
A 45 55 73.961 24
A 45 46 114.520 3
A 46 45 114.520 -1
A 46 55 46.929 3
A 47 26 121.063 24
A 47 48 32.580 23
A 47 55 27.421 -1
A 48 25 35.208 23
A 48 47 32.580 -1
A 49 3 55.528 18
A 49 4 5.389 22
A 49 30 33.198 19
A 50 1 76.806 -1
A 51 28 187.360 -1
A 51 43 46.881 13
A 52 22 64.514 21
A 52 41 20.425 -1
A 52 53 42.972 15
A 53 40 19.644 15
A 53 52 42.972 21
A 53 42 68.514 -1
A 54 15 50.043 -1
A 55 45 73.961 3
A 55 46 46.929 -1
A 55 47 27.421 24
A 56 19 82.656 -1
A 56 30 3.641 18
A 56 36 56.688 -1
A 57 1 95.109 17
A 57 33 87.989 2
A 57 34 87.532 -1
A 58 8 6.128 -1
A 58 12 102.709 9
A 59 27 8.661 -1
A 59 28 71.160 13
A 59 43 166.831 20
B 1 1
B 2 1
B 3 1
B 4 5
B 5 6
B 6 2
B 7 3
B 10 6
B 11 4
B 13 5
B 16 3
B 17 8
B 20 2
B 22 3
B 24 10
B 25 7
