25 64 8
N 0 -5.518938 -38.270743 4,0
N 1 -5.517966 -38.273351 1
N 2 -5.518212 -38.272662 5,1,7
N 3 -5.518403 -38.272146 6,7,2
N 4 -5.518738 -38.271223 4,6,2
N 5 -5.520344 -38.271819 4,3
N 6 -5.520388 -38.273663 -1
N 7 -5.520623 -38.272912 -1
N 8 -5.520032 -38.272708 3,7
N 9 -5.519557 -38.272536 3,7,2
N 10 -5.517376 -38.271827 -1
N 11 -5.519831 -38.273212 1,7
N 12 -5.520519 -38.271358 4
N 13 -5.519609 -38.273606 1
N 14 -5.518362 -38.270341 0
N 15 -5.519041 -38.270521 0
N 16 -5.518110 -38.272079 5,6
N 17 -5.518636 -38.271181 6
N 18 -5.519886 -38.271642 4,3,2
N 19 -5.517933 -38.272559 5
N 20 -5.520595 -38.271028 -1
N 21 -5.520723 -38.270543 -1
N 22 -5.518387 -38.272192 5,6,7
N 23 -5.519945 -38.273582 -1
N 24 -5.518079 -38.272068 5
A 0 15 27.100 -1
A 0 4 57.533 -1
A 0 12 188.601 4
A 0 14 78.025 0
A 1 13 184.815 -1
A 1 2 81.105 1
A 2 1 81.105 -1
A 2 11 190.102 1
A 2 19 32.949 5
A 2 22 55.528 7
A 3 9 135.430 7
A 3 4 108.764 2
A 3 22 5.389 6
A 4 0 57.533 4
A 4 3 108.764 6
A 4 18 135.822 2
A 4 17 12.202 -1
A 5 18 54.624 4
A 5 12 54.517 -1
A 5 8 104.385 3
A 6 23 50.043 -1
A 6 7 87.072 -1
A 7 6 87.072 -1
A 7 8 69.512 -1
A 8 5 104.385 -1
A 8 7 69.512 -1
A 8 9 56.092 3
A 8 11 60.472 7
A 9 3 135.430 2
A 9 8 56.092 7
A 9 18 105.460 3
A 10 24 82.656 -1
A 11 2 190.102 7
A 11 8 60.472 -1
A 11 13 54.260 1
A 12 0 188.601 -1
A 12 5 54.517 4
A 13 1 184.815 1
A 13 11 54.260 -1
A 14 0 78.025 -1
A 14 15 78.078 0
A 15 0 27.100 0
A 15 14 78.078 -1
A 15 20 181.708 -1
A 16 24 3.641 -1
A 16 22 33.198 5
A 16 17 115.344 6
A 17 4 12.202 6
A 17 16 115.344 -1
A 18 4 135.822 4
A 18 5 54.624 3
A 18 9 105.460 2
A 19 2 32.949 -1
A 19 24 56.688 5
A 20 15 181.708 -1
A 20 21 55.639 -1
A 21 20 55.639 -1
A 22 2 55.528 5
A 22 3 5.389 7
A 22 16 33.198 6
A 23 6 50.043 -1
A 24 10 82.656 -1
A 24 16 3.641 5
A 24 19 56.688 -1
B 1 7
B 2 1
B 4 7
B 7 2
