50
P 0 0.020
B 0 1 1
B 0 2 1
B 0 3 4
B 0 4 2
B 0 5 4
B 0 6 1
B 0 7 2
B 0 8 3
B 0 10 1
B 0 11 2
B 0 13 1
B 0 14 2
B 0 15 1
B 0 16 1
B 0 17 2
B 0 19 2
B 0 22 2
B 0 23 4
B 0 26 1
B 0 29 1
B 0 32 1
B 0 41 2
B 0 42 1
B 0 43 1
B 0 49 1
B 0 51 1
P 1 0.020
B 1 2 4
B 1 4 3
B 1 6 9
B 1 7 5
B 1 8 1
B 1 9 1
B 1 10 2
B 1 13 1
B 1 14 4
B 1 16 2
B 1 17 1
B 1 20 1
B 1 21 2
B 1 22 4
B 1 24 1
B 1 26 2
B 1 28 1
B 1 32 3
B 1 37 3
B 1 41 1
B 1 49 1
B 1 51 1
P 2 0.020
B 2 4 4
B 2 6 9
B 2 7 2
B 2 8 1
B 2 11 8
B 2 12 1
B 2 14 1
B 2 15 1
B 2 16 4
B 2 17 1
B 2 21 1
B 2 22 1
B 2 23 2
B 2 26 1
B 2 31 1
B 2 32 3
B 2 33 1
B 2 37 2
B 2 40 1
B 2 41 2
B 2 43 1
B 2 50 1
B 2 51 1
P 3 0.020
B 3 1 2
B 3 3 2
B 3 4 1
B 3 6 6
B 3 7 3
B 3 8 1
B 3 9 2
B 3 10 1
B 3 11 1
B 3 13 2
B 3 15 2
B 3 16 2
B 3 17 1
B 3 18 1
B 3 19 3
B 3 21 4
B 3 22 2
B 3 23 1
B 3 26 3
B 3 32 2
B 3 33 3
B 3 41 2
B 3 42 1
B 3 47 1
P 4 0.020
B 4 0 1
B 4 1 1
B 4 4 3
B 4 7 1
B 4 9 1
B 4 11 3
B 4 14 2
B 4 16 1
B 4 17 1
B 4 19 1
B 4 20 2
B 4 21 2
B 4 22 1
B 4 23 1
B 4 26 3
B 4 28 1
B 4 33 2
B 4 40 2
B 4 43 2
P 5 0.020
B 5 1 1
B 5 3 1
B 5 6 3
B 5 7 1
B 5 8 2
B 5 10 1
B 5 11 1
B 5 14 2
B 5 16 3
B 5 19 3
B 5 20 1
B 5 23 2
B 5 24 2
B 5 31 1
B 5 32 1
B 5 33 2
B 5 37 1
B 5 38 1
B 5 39 2
B 5 43 1
B 5 44 1
B 5 50 1
P 6 0.020
B 6 0 1
B 6 1 1
B 6 2 1
B 6 3 1
B 6 6 7
B 6 7 1
B 6 8 2
B 6 9 1
B 6 10 1
B 6 11 2
B 6 17 1
B 6 21 2
B 6 22 1
B 6 26 2
B 6 33 4
B 6 36 1
B 6 37 1
B 6 38 1
P 7 0.020
B 7 0 1
B 7 4 1
B 7 6 4
B 7 7 5
B 7 8 4
B 7 9 1
B 7 11 3
B 7 14 1
B 7 16 3
B 7 19 2
B 7 20 1
B 7 22 3
B 7 23 1
B 7 24 1
B 7 32 3
B 7 33 2
B 7 37 1
B 7 43 1
B 7 47 2
B 7 49 1
B 7 51 1
P 8 0.020
B 8 4 1
B 8 6 2
B 8 7 2
B 8 8 1
B 8 9 4
B 8 10 1
B 8 11 4
B 8 12 1
B 8 21 3
B 8 24 1
B 8 26 5
B 8 41 2
B 8 44 4
B 8 47 1
B 8 51 2
P 9 0.020
B 9 0 1
B 9 2 2
B 9 6 1
B 9 7 4
B 9 10 1
B 9 16 1
B 9 18 1
B 9 19 3
B 9 21 3
B 9 23 1
B 9 26 1
B 9 27 2
B 9 32 2
B 9 43 2
B 9 46 1
P 10 0.020
B 10 2 1
B 10 6 1
B 10 7 2
B 10 9 1
B 10 10 1
B 10 11 1
B 10 13 1
B 10 15 3
B 10 19 2
B 10 20 1
B 10 21 3
B 10 22 2
B 10 23 1
B 10 24 1
B 10 27 2
B 10 31 1
B 10 32 5
B 10 33 2
B 10 37 1
B 10 40 1
B 10 41 3
B 10 43 1
B 10 51 3
P 11 0.020
B 11 4 1
B 11 6 2
B 11 8 2
B 11 11 1
B 11 14 1
B 11 15 1
B 11 16 2
B 11 17 1
B 11 18 1
B 11 20 3
B 11 21 1
B 11 23 1
B 11 32 3
B 11 38 1
B 11 41 3
P 12 0.020
B 12 1 2
B 12 2 1
B 12 4 2
B 12 6 4
B 12 8 2
B 12 11 1
B 12 14 1
B 12 16 1
B 12 19 2
B 12 21 5
B 12 28 1
B 12 32 2
B 12 33 2
B 12 35 1
B 12 44 2
B 12 51 1
P 13 0.020
B 13 2 4
B 13 3 1
B 13 4 1
B 13 6 2
B 13 7 2
B 13 10 3
B 13 13 2
B 13 19 3
B 13 20 3
B 13 21 6
B 13 24 1
B 13 32 2
B 13 33 4
B 13 37 1
B 13 43 1
B 13 47 1
B 13 49 2
B 13 51 2
P 14 0.020
B 14 6 2
B 14 7 3
B 14 8 3
B 14 11 1
B 14 14 1
B 14 16 1
B 14 17 2
B 14 18 2
B 14 20 1
B 14 22 1
B 14 23 2
B 14 25 1
B 14 26 2
B 14 28 1
B 14 33 3
B 14 41 2
B 14 50 1
P 15 0.020
B 15 2 3
B 15 6 1
B 15 7 4
B 15 8 2
B 15 10 1
B 15 11 2
B 15 16 1
B 15 21 1
B 15 22 1
B 15 33 2
B 15 35 1
B 15 40 1
B 15 41 1
B 15 47 2
P 16 0.020
B 16 2 1
B 16 4 2
B 16 8 4
B 16 14 2
B 16 17 1
B 16 22 2
B 16 28 2
B 16 37 4
B 16 38 1
B 16 51 1
P 17 0.020
B 17 2 1
B 17 6 3
B 17 7 1
B 17 8 1
B 17 9 1
B 17 10 2
B 17 11 1
B 17 14 1
B 17 16 1
B 17 19 2
B 17 20 2
B 17 21 3
B 17 22 1
B 17 24 1
B 17 31 1
B 17 32 1
B 17 33 2
B 17 37 1
B 17 41 1
B 17 43 1
B 17 51 1
P 18 0.020
B 18 0 2
B 18 1 1
B 18 2 1
B 18 3 1
B 18 6 2
B 18 7 2
B 18 8 3
B 18 10 3
B 18 15 1
B 18 16 3
B 18 19 1
B 18 20 4
B 18 21 1
B 18 23 1
B 18 26 1
B 18 32 3
B 18 33 4
B 18 37 1
B 18 41 3
B 18 43 1
B 18 47 1
B 18 48 1
B 18 50 1
P 19 0.020
B 19 2 1
B 19 7 1
B 19 8 2
B 19 9 1
B 19 10 2
B 19 13 1
B 19 14 2
B 19 15 2
B 19 16 1
B 19 20 2
B 19 22 3
B 19 26 1
B 19 31 1
B 19 32 1
B 19 33 3
B 19 41 1
P 20 0.020
B 20 2 2
B 20 6 2
B 20 7 2
B 20 9 1
B 20 16 1
B 20 18 1
B 20 21 2
B 20 22 1
B 20 23 1
B 20 32 1
B 20 33 2
P 21 0.020
B 21 2 2
B 21 6 3
B 21 8 2
B 21 9 2
B 21 11 1
B 21 13 1
B 21 16 2
B 21 19 1
B 21 21 1
B 21 22 3
B 21 23 1
B 21 24 1
B 21 31 1
B 21 32 1
B 21 33 1
B 21 37 4
B 21 51 2
P 22 0.020
B 22 2 3
B 22 3 1
B 22 4 1
B 22 6 3
B 22 7 1
B 22 8 1
B 22 16 3
B 22 17 1
B 22 19 2
B 22 23 2
B 22 24 3
B 22 26 1
B 22 28 1
B 22 31 1
B 22 33 4
B 22 37 1
B 22 40 3
B 22 41 3
B 22 43 2
P 23 0.020
B 23 0 1
B 23 1 1
B 23 3 2
B 23 4 1
B 23 6 1
B 23 7 2
B 23 8 3
B 23 9 1
B 23 11 2
B 23 14 1
B 23 15 2
B 23 16 2
B 23 19 1
B 23 23 1
B 23 26 2
B 23 32 2
B 23 37 1
B 23 38 1
B 23 41 1
P 24 0.020
B 24 1 1
B 24 2 2
B 24 4 2
B 24 6 2
B 24 7 2
B 24 8 3
B 24 9 1
B 24 11 4
B 24 13 2
B 24 14 1
B 24 15 2
B 24 16 2
B 24 17 1
B 24 18 3
B 24 19 1
B 24 21 1
B 24 22 1
B 24 23 1
B 24 24 1
B 24 26 2
B 24 31 2
B 24 32 2
B 24 43 1
B 24 47 1
P 25 0.020
B 25 4 2
B 25 6 4
B 25 7 1
B 25 8 4
B 25 10 2
B 25 11 1
B 25 15 2
B 25 18 1
B 25 19 1
B 25 21 3
B 25 22 2
B 25 26 1
B 25 28 2
B 25 33 2
B 25 37 2
B 25 41 3
B 25 47 1
B 25 49 2
P 26 0.020
B 26 3 1
B 26 4 2
B 26 6 4
B 26 7 2
B 26 8 7
B 26 9 3
B 26 10 1
B 26 13 1
B 26 16 1
B 26 17 1
B 26 18 1
B 26 19 3
B 26 20 2
B 26 21 2
B 26 23 1
B 26 26 1
B 26 27 1
B 26 31 4
B 26 32 1
B 26 33 1
B 26 39 1
P 27 0.020
B 27 1 1
B 27 2 7
B 27 4 3
B 27 6 2
B 27 8 1
B 27 13 1
B 27 14 3
B 27 15 1
B 27 17 1
B 27 19 4
B 27 20 2
B 27 21 2
B 27 23 1
B 27 32 2
B 27 33 3
B 27 36 1
B 27 37 2
B 27 41 2
B 27 45 1
B 27 46 1
P 28 0.020
B 28 2 3
B 28 3 1
B 28 7 1
B 28 8 7
B 28 9 1
B 28 10 1
B 28 11 1
B 28 14 4
B 28 15 3
B 28 16 1
B 28 17 1
B 28 19 1
B 28 21 1
B 28 22 1
B 28 23 1
B 28 27 2
B 28 28 1
B 28 32 1
B 28 35 1
B 28 41 1
B 28 42 1
B 28 43 1
B 28 50 1
B 28 51 1
P 29 0.020
B 29 2 1
B 29 6 3
B 29 7 1
B 29 8 2
B 29 9 2
B 29 11 6
B 29 14 1
B 29 17 1
B 29 18 2
B 29 19 4
B 29 22 2
B 29 23 3
B 29 32 4
B 29 33 2
B 29 48 1
B 29 49 1
B 29 50 2
P 30 0.020
B 30 1 1
B 30 2 3
B 30 6 1
B 30 11 2
B 30 13 1
B 30 15 1
B 30 17 1
B 30 19 1
B 30 20 1
B 30 21 3
B 30 22 1
B 30 26 2
B 30 33 3
B 30 37 1
B 30 50 1
P 31 0.020
B 31 0 1
B 31 2 1
B 31 4 1
B 31 6 1
B 31 8 1
B 31 10 3
B 31 17 1
B 31 23 1
B 31 24 3
B 31 31 3
B 31 33 2
B 31 37 1
P 32 0.020
B 32 0 1
B 32 2 2
B 32 6 1
B 32 8 4
B 32 9 1
B 32 10 1
B 32 11 1
B 32 14 1
B 32 16 1
B 32 17 3
B 32 21 1
B 32 22 2
B 32 23 2
B 32 31 1
B 32 32 3
B 32 33 1
B 32 40 2
B 32 48 1
P 33 0.020
B 33 0 2
B 33 4 1
B 33 7 2
B 33 8 1
B 33 21 1
B 33 23 1
B 33 26 1
B 33 28 1
B 33 33 4
B 33 37 1
B 33 41 1
P 34 0.020
B 34 2 1
B 34 4 1
B 34 6 1
B 34 8 2
B 34 10 2
B 34 11 3
B 34 13 1
B 34 14 1
B 34 15 2
B 34 18 1
B 34 20 4
B 34 21 2
B 34 22 1
B 34 23 2
B 34 32 2
B 34 33 2
B 34 36 1
B 34 37 1
B 34 43 3
B 34 46 1
P 35 0.020
B 35 0 2
B 35 4 1
B 35 6 1
B 35 7 1
B 35 8 2
B 35 9 1
B 35 10 1
B 35 11 1
B 35 12 1
B 35 13 1
B 35 14 2
B 35 19 1
B 35 20 1
B 35 22 2
B 35 26 1
B 35 31 1
B 35 32 2
B 35 33 5
B 35 38 1
P 36 0.020
B 36 6 3
B 36 14 2
B 36 15 1
B 36 17 1
B 36 21 2
B 36 26 2
B 36 41 2
B 36 42 1
B 36 43 1
P 37 0.020
B 37 2 1
B 37 4 1
B 37 6 1
B 37 8 3
B 37 15 1
B 37 19 1
B 37 20 1
B 37 22 3
B 37 23 2
B 37 24 2
B 37 34 2
B 37 37 1
B 37 43 2
B 37 44 1
B 37 46 1
B 37 50 2
P 38 0.020
B 38 2 1
B 38 4 2
B 38 7 4
B 38 9 1
B 38 11 2
B 38 18 2
B 38 19 1
B 38 20 1
B 38 21 1
B 38 26 1
B 38 29 1
B 38 32 2
B 38 33 2
B 38 43 3
B 38 44 1
B 38 49 1
P 39 0.020
B 39 7 2
B 39 8 3
B 39 10 1
B 39 16 1
B 39 19 4
B 39 21 3
B 39 22 3
B 39 23 1
B 39 26 1
B 39 31 2
B 39 33 4
B 39 36 1
B 39 41 1
B 39 43 1
B 39 47 1
B 39 50 1
B 39 51 1
P 40 0.020
B 40 2 2
B 40 8 2
B 40 11 1
B 40 15 2
B 40 17 1
B 40 24 1
B 40 32 2
B 40 33 1
B 40 51 1
P 41 0.020
B 41 2 2
B 41 6 3
B 41 7 2
B 41 8 2
B 41 11 4
B 41 16 2
B 41 19 1
B 41 21 1
B 41 26 2
B 41 30 1
B 41 33 4
B 41 37 1
B 41 41 1
P 42 0.020
B 42 6 2
B 42 10 2
B 42 13 1
B 42 14 3
B 42 15 1
B 42 16 1
B 42 18 2
B 42 19 1
B 42 20 2
B 42 22 3
B 42 23 2
B 42 24 1
B 42 33 1
B 42 37 2
B 42 38 1
P 43 0.020
B 43 0 1
B 43 6 2
B 43 8 2
B 43 13 3
B 43 16 1
B 43 24 1
B 43 26 1
B 43 32 1
B 43 33 5
P 44 0.020
B 44 2 3
B 44 4 1
B 44 7 1
B 44 8 1
B 44 9 1
B 44 14 2
B 44 18 1
B 44 19 1
B 44 20 1
B 44 21 1
B 44 22 2
B 44 23 1
B 44 27 2
B 44 32 2
B 44 33 1
B 44 37 1
B 44 43 1
B 44 50 1
P 45 0.020
B 45 4 1
B 45 6 2
B 45 9 2
B 45 15 2
B 45 20 1
B 45 21 1
B 45 22 2
B 45 26 1
B 45 32 2
B 45 36 1
B 45 43 1
B 45 51 1
P 46 0.020
B 46 4 2
B 46 6 1
B 46 7 3
B 46 8 1
B 46 10 1
B 46 14 3
B 46 20 1
B 46 21 3
B 46 22 4
B 46 26 1
B 46 32 1
B 46 33 2
B 46 41 1
B 46 49 5
P 47 0.020
B 47 2 4
B 47 6 3
B 47 9 2
B 47 10 3
B 47 15 1
B 47 19 2
B 47 21 2
B 47 24 2
B 47 26 1
B 47 27 1
B 47 33 1
B 47 38 2
B 47 40 1
B 47 41 1
B 47 51 1
P 48 0.020
B 48 3 1
B 48 6 1
B 48 8 1
B 48 11 3
B 48 15 1
B 48 27 2
B 48 30 1
B 48 32 1
B 48 33 3
B 48 40 1
B 48 43 2
P 49 0.020
B 49 3 1
B 49 4 1
B 49 6 1
B 49 7 1
B 49 11 1
B 49 20 1
B 49 32 2
B 49 39 1
B 49 40 1
B 49 44 1
B 49 51 1
