50
P 0 0.020
B 0 1 1
B 0 3 2
B 0 9 1
B 0 14 2
B 0 15 2
B 0 16 1
B 0 23 1
B 0 25 2
B 0 27 1
B 0 28 1
B 0 29 2
B 0 32 1
B 0 33 1
B 0 35 2
B 0 45 1
B 0 49 3
B 0 52 1
B 0 59 3
B 0 65 1
B 0 82 3
B 0 83 1
P 1 0.020
B 1 3 1
B 1 14 3
B 1 15 5
B 1 19 1
B 1 20 1
B 1 23 3
B 1 27 2
B 1 28 1
B 1 29 1
B 1 30 3
B 1 31 2
B 1 34 3
B 1 35 2
B 1 45 2
B 1 46 1
B 1 50 7
B 1 53 1
B 1 63 1
B 1 68 1
B 1 76 1
B 1 82 2
P 2 0.020
B 2 3 2
B 2 8 2
B 2 10 1
B 2 14 1
B 2 15 1
B 2 16 2
B 2 17 1
B 2 18 1
B 2 20 1
B 2 23 5
B 2 25 1
B 2 27 1
B 2 28 1
B 2 29 2
B 2 31 3
B 2 33 5
B 2 40 1
B 2 44 2
B 2 45 2
B 2 50 1
B 2 51 1
B 2 58 2
B 2 59 1
B 2 72 3
P 3 0.020
B 3 0 1
B 3 2 4
B 3 3 3
B 3 8 1
B 3 9 4
B 3 14 1
B 3 15 1
B 3 17 1
B 3 19 2
B 3 24 1
B 3 28 5
B 3 30 1
B 3 31 4
B 3 34 1
B 3 45 1
B 3 46 1
B 3 49 2
B 3 67 1
B 3 78 2
B 3 82 2
P 4 0.020
B 4 3 2
B 4 8 1
B 4 9 1
B 4 14 3
B 4 15 1
B 4 17 4
B 4 19 2
B 4 20 1
B 4 22 2
B 4 23 2
B 4 24 1
B 4 28 2
B 4 29 1
B 4 30 4
B 4 31 2
B 4 33 1
B 4 35 2
B 4 47 1
B 4 49 3
B 4 61 1
B 4 64 1
B 4 75 1
B 4 78 2
B 4 81 2
B 4 82 2
P 5 0.020
B 5 3 1
B 5 5 1
B 5 15 5
B 5 16 1
B 5 17 1
B 5 18 2
B 5 20 4
B 5 22 1
B 5 24 1
B 5 25 2
B 5 27 1
B 5 28 1
B 5 29 1
B 5 31 1
B 5 32 1
B 5 34 1
B 5 35 5
B 5 38 1
B 5 45 2
B 5 50 3
B 5 59 1
B 5 63 1
B 5 64 1
B 5 71 1
B 5 72 2
B 5 75 1
P 6 0.020
B 6 2 4
B 6 3 1
B 6 8 1
B 6 14 4
B 6 15 2
B 6 16 2
B 6 18 1
B 6 20 4
B 6 27 1
B 6 29 1
B 6 30 4
B 6 33 1
B 6 36 1
B 6 41 1
B 6 45 1
B 6 46 1
B 6 49 1
B 6 50 2
B 6 52 1
B 6 57 1
B 6 67 1
B 6 69 1
B 6 73 1
B 6 79 2
P 7 0.020
B 7 2 2
B 7 3 1
B 7 8 2
B 7 9 2
B 7 14 3
B 7 15 3
B 7 18 1
B 7 20 1
B 7 22 1
B 7 23 2
B 7 24 1
B 7 29 2
B 7 31 1
B 7 32 1
B 7 33 1
B 7 34 2
B 7 35 4
B 7 38 1
B 7 45 3
B 7 48 1
B 7 54 1
B 7 62 1
B 7 64 1
B 7 65 1
B 7 68 1
B 7 72 2
B 7 80 2
P 8 0.020
B 8 2 1
B 8 3 2
B 8 5 1
B 8 8 4
B 8 9 1
B 8 10 1
B 8 15 2
B 8 17 1
B 8 22 2
B 8 23 1
B 8 24 4
B 8 26 2
B 8 28 4
B 8 29 1
B 8 30 1
B 8 31 2
B 8 32 1
B 8 34 2
B 8 38 2
B 8 39 1
B 8 40 1
B 8 45 1
B 8 46 1
B 8 47 2
B 8 49 2
B 8 50 1
B 8 55 2
B 8 64 1
B 8 67 2
B 8 73 1
B 8 76 1
B 8 78 1
B 8 82 1
B 8 83 1
P 9 0.020
B 9 3 2
B 9 6 1
B 9 8 1
B 9 14 1
B 9 15 1
B 9 17 3
B 9 20 3
B 9 22 2
B 9 23 1
B 9 25 2
B 9 29 1
B 9 31 1
B 9 32 2
B 9 35 1
B 9 38 2
B 9 41 1
B 9 45 2
B 9 48 1
B 9 49 1
B 9 50 3
B 9 54 1
B 9 56 1
B 9 66 2
B 9 79 1
B 9 82 1
P 10 0.020
B 10 2 1
B 10 8 1
B 10 10 2
B 10 14 3
B 10 15 2
B 10 16 5
B 10 17 1
B 10 19 2
B 10 22 1
B 10 23 3
B 10 24 1
B 10 25 2
B 10 26 1
B 10 29 5
B 10 31 2
B 10 35 1
B 10 38 2
B 10 45 4
B 10 50 4
B 10 63 1
B 10 81 1
P 11 0.020
B 11 1 1
B 11 3 2
B 11 9 1
B 11 10 1
B 11 14 1
B 11 15 1
B 11 17 1
B 11 19 1
B 11 20 1
B 11 22 2
B 11 23 1
B 11 24 2
B 11 25 1
B 11 27 1
B 11 28 1
B 11 29 2
B 11 30 3
B 11 31 3
B 11 32 1
B 11 33 1
B 11 34 1
B 11 35 1
B 11 41 1
B 11 45 1
B 11 49 2
B 11 50 1
B 11 61 2
B 11 65 2
B 11 67 1
B 11 68 1
B 11 82 1
P 12 0.020
B 12 0 2
B 12 3 2
B 12 6 1
B 12 8 2
B 12 9 1
B 12 14 2
B 12 15 1
B 12 16 3
B 12 17 5
B 12 19 1
B 12 20 2
B 12 23 1
B 12 24 2
B 12 25 3
B 12 26 1
B 12 28 3
B 12 29 2
B 12 31 2
B 12 32 1
B 12 33 1
B 12 34 2
B 12 35 1
B 12 45 1
B 12 47 2
B 12 49 1
B 12 54 1
B 12 56 1
B 12 57 1
B 12 65 1
B 12 69 1
B 12 74 2
B 12 81 1
P 13 0.020
B 13 2 1
B 13 3 1
B 13 9 1
B 13 14 2
B 13 15 2
B 13 16 2
B 13 17 1
B 13 19 1
B 13 20 3
B 13 23 2
B 13 25 1
B 13 26 1
B 13 28 1
B 13 29 2
B 13 30 2
B 13 31 1
B 13 33 4
B 13 34 2
B 13 35 1
B 13 45 2
B 13 47 1
B 13 48 1
B 13 49 3
B 13 50 1
B 13 54 1
B 13 57 1
B 13 63 1
B 13 66 1
B 13 70 1
P 14 0.020
B 14 0 1
B 14 3 1
B 14 14 3
B 14 17 2
B 14 18 2
B 14 24 1
B 14 25 3
B 14 29 2
B 14 33 1
B 14 34 3
B 14 35 2
B 14 38 1
B 14 47 1
B 14 48 1
B 14 49 3
B 14 50 3
B 14 53 1
B 14 55 1
B 14 63 1
B 14 64 2
B 14 67 1
B 14 80 1
B 14 82 1
P 15 0.020
B 15 2 3
B 15 3 1
B 15 8 2
B 15 12 1
B 15 14 2
B 15 15 1
B 15 16 2
B 15 18 2
B 15 22 2
B 15 23 2
B 15 25 2
B 15 28 2
B 15 34 3
B 15 35 3
B 15 36 1
B 15 38 1
B 15 45 2
B 15 47 2
B 15 49 1
B 15 50 1
B 15 56 1
B 15 61 1
B 15 65 1
B 15 82 1
P 16 0.020
B 16 0 4
B 16 3 2
B 16 9 1
B 16 15 1
B 16 16 2
B 16 17 2
B 16 18 2
B 16 19 1
B 16 22 1
B 16 23 2
B 16 29 1
B 16 31 1
B 16 33 2
B 16 34 1
B 16 38 1
B 16 45 3
B 16 47 1
B 16 49 1
B 16 50 2
B 16 62 1
P 17 0.020
B 17 2 1
B 17 5 3
B 17 14 2
B 17 17 2
B 17 18 1
B 17 21 1
B 17 23 1
B 17 25 2
B 17 26 1
B 17 28 2
B 17 31 2
B 17 32 1
B 17 34 1
B 17 35 3
B 17 39 1
B 17 44 1
B 17 45 1
B 17 47 2
B 17 50 2
B 17 61 2
B 17 68 1
B 17 75 1
B 17 80 1
B 17 82 1
P 18 0.020
B 18 2 1
B 18 6 1
B 18 8 2
B 18 11 2
B 18 14 3
B 18 17 2
B 18 20 2
B 18 23 3
B 18 24 1
B 18 26 1
B 18 45 2
B 18 64 1
B 18 67 1
B 18 68 1
B 18 69 1
B 18 78 1
B 18 80 1
B 18 81 1
P 19 0.020
B 19 0 1
B 19 1 1
B 19 3 3
B 19 9 1
B 19 14 1
B 19 17 1
B 19 19 1
B 19 23 1
B 19 24 1
B 19 26 1
B 19 27 1
B 19 29 1
B 19 32 2
B 19 33 5
B 19 34 3
B 19 35 1
B 19 36 1
B 19 38 1
B 19 44 1
B 19 45 5
B 19 47 1
B 19 75 1
P 20 0.020
B 20 0 1
B 20 1 1
B 20 3 2
B 20 9 2
B 20 15 1
B 20 16 1
B 20 17 1
B 20 18 3
B 20 20 1
B 20 22 2
B 20 23 1
B 20 29 2
B 20 30 1
B 20 33 2
B 20 36 1
B 20 38 2
B 20 44 1
B 20 45 3
B 20 47 2
B 20 61 2
B 20 62 1
B 20 63 1
B 20 65 1
B 20 80 1
P 21 0.020
B 21 14 1
B 21 16 1
B 21 19 2
B 21 20 3
B 21 22 1
B 21 23 1
B 21 26 1
B 21 28 1
B 21 29 2
B 21 30 2
B 21 33 2
B 21 34 1
B 21 48 1
B 21 49 1
B 21 50 2
B 21 54 2
B 21 64 1
B 21 65 2
B 21 66 1
B 21 79 1
B 21 83 1
P 22 0.020
B 22 3 2
B 22 8 1
B 22 14 3
B 22 15 1
B 22 16 1
B 22 17 2
B 22 20 1
B 22 21 1
B 22 22 1
B 22 24 1
B 22 26 1
B 22 27 1
B 22 28 2
B 22 33 2
B 22 34 2
B 22 35 1
B 22 47 1
B 22 49 1
B 22 54 1
B 22 56 1
B 22 57 1
B 22 63 2
B 22 65 1
B 22 66 1
B 22 67 1
B 22 69 1
B 22 79 2
P 23 0.020
B 23 0 2
B 23 2 1
B 23 14 8
B 23 16 2
B 23 17 1
B 23 18 2
B 23 19 1
B 23 20 1
B 23 23 2
B 23 24 1
B 23 26 1
B 23 27 2
B 23 29 1
B 23 33 1
B 23 34 2
B 23 35 3
B 23 47 2
B 23 48 1
B 23 50 1
B 23 58 2
B 23 69 1
P 24 0.020
B 24 2 2
B 24 10 1
B 24 14 2
B 24 15 4
B 24 16 1
B 24 20 1
B 24 26 1
B 24 29 1
B 24 30 2
B 24 31 1
B 24 33 1
B 24 35 2
B 24 36 1
B 24 45 2
B 24 47 2
B 24 48 1
B 24 61 1
B 24 78 1
P 25 0.020
B 25 3 2
B 25 9 1
B 25 14 2
B 25 15 2
B 25 16 2
B 25 17 2
B 25 18 1
B 25 20 2
B 25 21 1
B 25 23 1
B 25 24 2
B 25 28 1
B 25 31 1
B 25 32 1
B 25 33 1
B 25 38 1
B 25 45 2
B 25 47 2
B 25 49 1
B 25 50 1
B 25 57 1
B 25 61 1
B 25 65 1
B 25 70 1
B 25 80 1
B 25 81 1
B 25 82 1
P 26 0.020
B 26 0 2
B 26 14 1
B 26 16 1
B 26 17 2
B 26 18 1
B 26 19 2
B 26 20 3
B 26 24 1
B 26 26 1
B 26 29 1
B 26 30 1
B 26 31 1
B 26 32 2
B 26 34 2
B 26 38 3
B 26 40 1
B 26 45 2
B 26 49 1
B 26 54 3
B 26 68 1
B 26 70 1
B 26 76 1
B 26 82 1
P 27 0.020
B 27 3 1
B 27 17 1
B 27 18 1
B 27 19 2
B 27 20 1
B 27 25 1
B 27 26 1
B 27 29 2
B 27 30 1
B 27 33 1
B 27 34 2
B 27 35 1
B 27 38 2
B 27 44 1
B 27 45 1
B 27 49 1
B 27 50 1
B 27 64 1
B 27 66 1
B 27 67 3
B 27 71 1
B 27 81 1
P 28 0.020
B 28 2 1
B 28 3 1
B 28 11 1
B 28 14 2
B 28 15 4
B 28 16 1
B 28 17 8
B 28 19 2
B 28 20 1
B 28 24 1
B 28 28 1
B 28 31 1
B 28 33 1
B 28 36 2
B 28 50 3
B 28 53 2
B 28 59 1
B 28 62 2
B 28 68 1
B 28 71 1
B 28 72 3
B 28 78 3
B 28 83 1
P 29 0.020
B 29 2 2
B 29 8 1
B 29 10 1
B 29 14 2
B 29 15 2
B 29 17 2
B 29 18 1
B 29 23 1
B 29 24 2
B 29 25 1
B 29 32 3
B 29 33 2
B 29 34 1
B 29 35 1
B 29 47 1
B 29 49 1
B 29 50 1
B 29 59 1
B 29 65 1
B 29 68 1
B 29 72 1
B 29 78 1
B 29 82 2
P 30 0.020
B 30 0 2
B 30 1 1
B 30 2 3
B 30 3 1
B 30 14 5
B 30 15 7
B 30 16 2
B 30 17 1
B 30 20 6
B 30 23 1
B 30 24 2
B 30 25 1
B 30 27 1
B 30 28 3
B 30 29 1
B 30 30 2
B 30 31 1
B 30 35 1
B 30 38 4
B 30 40 2
B 30 41 1
B 30 42 1
B 30 47 7
B 30 48 1
B 30 50 10
B 30 54 1
B 30 58 1
B 30 59 1
B 30 61 2
B 30 63 2
B 30 65 3
B 30 67 2
B 30 69 1
B 30 73 1
B 30 78 3
B 30 79 1
B 30 80 1
B 30 81 1
B 30 82 3
P 31 0.020
B 31 2 1
B 31 3 3
B 31 5 2
B 31 9 2
B 31 10 2
B 31 14 4
B 31 16 2
B 31 17 1
B 31 18 3
B 31 19 6
B 31 20 8
B 31 23 2
B 31 24 1
B 31 25 3
B 31 26 1
B 31 30 4
B 31 32 1
B 31 33 2
B 31 34 2
B 31 35 4
B 31 49 4
B 31 50 2
B 31 54 1
B 31 58 1
B 31 65 4
B 31 67 2
B 31 72 1
B 31 75 1
B 31 77 1
B 31 80 1
P 32 0.020
B 32 2 2
B 32 3 4
B 32 10 1
B 32 14 1
B 32 15 3
B 32 17 4
B 32 19 1
B 32 20 1
B 32 23 2
B 32 25 1
B 32 26 1
B 32 28 3
B 32 29 7
B 32 32 1
B 32 33 1
B 32 34 3
B 32 35 4
B 32 36 2
B 32 38 2
B 32 40 1
B 32 45 5
B 32 49 4
B 32 50 2
B 32 59 3
B 32 64 1
B 32 65 2
B 32 68 1
B 32 74 2
B 32 80 5
B 32 82 1
B 32 83 2
P 33 0.020
B 33 1 2
B 33 3 7
B 33 5 5
B 33 9 1
B 33 10 2
B 33 14 2
B 33 15 2
B 33 16 4
B 33 17 1
B 33 18 1
B 33 21 1
B 33 23 2
B 33 25 3
B 33 26 2
B 33 28 2
B 33 30 1
B 33 31 1
B 33 32 1
B 33 33 1
B 33 34 4
B 33 35 1
B 33 37 2
B 33 38 1
B 33 45 2
B 33 46 1
B 33 48 1
B 33 49 2
B 33 50 8
B 33 54 3
B 33 62 1
B 33 64 1
B 33 65 1
B 33 66 2
B 33 67 1
B 33 68 1
B 33 71 1
B 33 74 1
B 33 76 1
B 33 82 3
B 33 83 1
P 34 0.020
B 34 2 3
B 34 3 1
B 34 5 2
B 34 9 1
B 34 10 1
B 34 14 2
B 34 15 1
B 34 16 1
B 34 17 1
B 34 19 2
B 34 20 4
B 34 24 2
B 34 25 4
B 34 28 2
B 34 30 2
B 34 31 4
B 34 32 1
B 34 33 1
B 34 34 1
B 34 35 2
B 34 48 1
B 34 50 5
B 34 57 2
B 34 58 1
B 34 61 2
B 34 64 4
B 34 65 1
B 34 67 1
B 34 68 2
B 34 74 1
B 34 80 2
B 34 82 1
B 34 83 1
P 35 0.020
B 35 1 2
B 35 3 3
B 35 8 3
B 35 9 1
B 35 10 2
B 35 16 6
B 35 17 4
B 35 20 2
B 35 23 2
B 35 24 4
B 35 26 1
B 35 28 4
B 35 29 3
B 35 31 1
B 35 32 1
B 35 33 1
B 35 34 4
B 35 35 3
B 35 38 1
B 35 39 2
B 35 44 2
B 35 45 5
B 35 49 2
B 35 50 3
B 35 54 2
B 35 55 3
B 35 61 3
B 35 64 2
B 35 67 1
B 35 70 1
B 35 71 1
B 35 74 1
B 35 77 2
B 35 78 2
B 35 79 1
P 36 0.020
B 36 2 3
B 36 3 2
B 36 8 1
B 36 9 2
B 36 14 4
B 36 15 1
B 36 16 2
B 36 17 1
B 36 18 3
B 36 19 3
B 36 20 3
B 36 23 1
B 36 24 2
B 36 25 2
B 36 30 1
B 36 33 1
B 36 34 1
B 36 35 1
B 36 37 1
B 36 39 1
B 36 44 2
B 36 48 2
B 36 49 4
B 36 50 2
B 36 59 2
B 36 61 1
B 36 67 2
B 36 68 2
B 36 78 1
B 36 79 1
B 36 82 2
B 36 83 2
P 37 0.020
B 37 2 1
B 37 3 2
B 37 8 1
B 37 9 1
B 37 10 1
B 37 12 1
B 37 14 3
B 37 16 3
B 37 20 3
B 37 21 1
B 37 22 2
B 37 23 1
B 37 24 1
B 37 25 3
B 37 26 2
B 37 31 4
B 37 32 3
B 37 33 2
B 37 34 3
B 37 35 2
B 37 36 1
B 37 45 5
B 37 48 1
B 37 49 2
B 37 50 1
B 37 54 1
B 37 56 2
B 37 65 1
B 37 67 2
B 37 72 2
B 37 76 1
B 37 79 1
B 37 82 3
P 38 0.020
B 38 2 1
B 38 3 2
B 38 8 1
B 38 9 3
B 38 14 3
B 38 16 1
B 38 17 5
B 38 18 2
B 38 23 2
B 38 24 2
B 38 26 1
B 38 28 5
B 38 30 1
B 38 31 2
B 38 33 2
B 38 34 1
B 38 35 2
B 38 36 1
B 38 38 1
B 38 56 1
B 38 58 1
B 38 67 2
B 38 68 2
B 38 72 1
B 38 78 3
B 38 82 1
B 38 83 2
P 39 0.020
B 39 0 1
B 39 2 1
B 39 8 1
B 39 9 1
B 39 15 3
B 39 16 5
B 39 17 4
B 39 18 1
B 39 22 1
B 39 23 2
B 39 24 1
B 39 25 2
B 39 26 1
B 39 28 1
B 39 29 2
B 39 30 2
B 39 31 1
B 39 34 3
B 39 35 1
B 39 36 2
B 39 38 1
B 39 42 1
B 39 47 2
B 39 49 5
B 39 50 1
B 39 53 1
B 39 54 1
B 39 55 1
B 39 60 1
B 39 65 1
B 39 67 1
B 39 68 2
B 39 71 1
B 39 79 2
B 39 80 1
P 40 0.020
B 40 0 1
B 40 1 2
B 40 2 1
B 40 3 5
B 40 8 1
B 40 9 1
B 40 14 2
B 40 15 1
B 40 16 1
B 40 17 2
B 40 20 2
B 40 22 1
B 40 23 1
B 40 24 1
B 40 25 2
B 40 27 1
B 40 28 1
B 40 31 3
B 40 32 1
B 40 33 1
B 40 34 1
B 40 38 2
B 40 43 1
B 40 47 1
B 40 49 1
B 40 50 4
B 40 54 1
B 40 58 2
B 40 62 1
B 40 68 1
B 40 71 1
B 40 74 1
B 40 78 2
P 41 0.020
B 41 3 2
B 41 14 1
B 41 15 1
B 41 17 2
B 41 18 1
B 41 20 2
B 41 21 1
B 41 22 1
B 41 23 4
B 41 24 1
B 41 25 3
B 41 27 2
B 41 31 3
B 41 33 2
B 41 34 3
B 41 36 1
B 41 45 2
B 41 48 1
B 41 50 1
B 41 51 1
B 41 52 2
B 41 55 1
B 41 65 2
B 41 66 1
B 41 67 2
B 41 72 1
B 41 83 1
P 42 0.020
B 42 1 1
B 42 2 4
B 42 3 1
B 42 5 2
B 42 14 4
B 42 15 2
B 42 17 2
B 42 18 2
B 42 23 1
B 42 25 3
B 42 27 1
B 42 28 2
B 42 29 1
B 42 30 1
B 42 33 3
B 42 34 1
B 42 35 1
B 42 38 2
B 42 41 1
B 42 47 2
B 42 49 2
B 42 50 2
B 42 68 2
B 42 82 2
P 43 0.020
B 43 2 4
B 43 3 3
B 43 9 1
B 43 14 7
B 43 15 1
B 43 17 3
B 43 22 1
B 43 24 1
B 43 27 1
B 43 28 2
B 43 29 2
B 43 30 1
B 43 33 2
B 43 34 4
B 43 50 5
B 43 54 2
B 43 55 1
B 43 59 2
B 43 63 1
B 43 67 1
B 43 76 1
B 43 82 1
B 43 83 3
P 44 0.020
B 44 2 2
B 44 3 2
B 44 7 1
B 44 9 4
B 44 14 2
B 44 15 3
B 44 17 2
B 44 18 3
B 44 19 1
B 44 23 1
B 44 24 1
B 44 25 2
B 44 27 2
B 44 28 1
B 44 29 2
B 44 30 2
B 44 31 1
B 44 32 3
B 44 34 3
B 44 35 2
B 44 38 2
B 44 40 1
B 44 42 1
B 44 50 2
B 44 61 1
B 44 67 1
B 44 75 2
B 44 78 1
B 44 79 1
B 44 82 2
P 45 0.020
B 45 3 1
B 45 9 2
B 45 14 3
B 45 15 5
B 45 16 5
B 45 17 3
B 45 21 1
B 45 22 2
B 45 23 1
B 45 24 3
B 45 25 1
B 45 26 2
B 45 30 4
B 45 32 3
B 45 33 2
B 45 34 3
B 45 35 1
B 45 39 2
B 45 44 1
B 45 45 4
B 45 48 1
B 45 50 1
B 45 54 2
B 45 55 2
B 45 57 1
B 45 64 2
B 45 67 1
B 45 75 1
B 45 80 1
B 45 81 1
P 46 0.020
B 46 1 1
B 46 5 1
B 46 8 1
B 46 9 2
B 46 15 7
B 46 18 3
B 46 19 1
B 46 20 4
B 46 28 1
B 46 30 3
B 46 31 1
B 46 33 2
B 46 34 2
B 46 35 1
B 46 38 2
B 46 44 1
B 46 45 2
B 46 47 2
B 46 48 1
B 46 50 3
B 46 65 1
B 46 67 1
B 46 74 1
B 46 77 1
B 46 82 2
B 46 83 1
P 47 0.020
B 47 3 1
B 47 8 1
B 47 11 1
B 47 14 1
B 47 15 4
B 47 16 1
B 47 17 3
B 47 18 4
B 47 19 2
B 47 20 1
B 47 24 3
B 47 27 1
B 47 29 1
B 47 30 2
B 47 31 1
B 47 34 2
B 47 35 4
B 47 39 1
B 47 48 1
B 47 49 2
B 47 50 4
B 47 54 3
B 47 55 1
B 47 62 2
B 47 82 1
B 47 83 1
P 48 0.020
B 48 0 2
B 48 2 1
B 48 9 2
B 48 14 3
B 48 17 4
B 48 23 1
B 48 24 1
B 48 25 1
B 48 29 2
B 48 31 1
B 48 33 1
B 48 35 2
B 48 49 2
B 48 50 1
B 48 54 1
B 48 57 1
B 48 81 1
B 48 82 2
P 49 0.020
B 49 1 2
B 49 3 2
B 49 9 2
B 49 15 3
B 49 16 3
B 49 17 2
B 49 19 1
B 49 20 1
B 49 22 2
B 49 23 1
B 49 24 1
B 49 29 4
B 49 30 3
B 49 33 1
B 49 34 2
B 49 35 1
B 49 36 2
B 49 38 3
B 49 45 2
B 49 47 4
B 49 50 4
B 49 56 1
B 49 59 1
B 49 63 2
B 49 64 2
B 49 75 1
B 49 76 1
B 49 80 1
B 49 82 2
