145 436 74
N 0 -5.144272 -38.099080 42,8,73
N 1 -5.142187 -38.098251 43,70
N 2 -5.142327 -38.097877 44,43,70
N 3 -5.142945 -38.095467 62,9,45
N 4 -5.144197 -38.098369 63,46,73
N 5 -5.142887 -38.098109 63,44,70
N 6 -5.142939 -38.096359 10,9,45,47
N 7 -5.141838 -38.094991 48,11
N 8 -5.144115 -38.096422 12,49,0,47
N 9 -5.144128 -38.097316 63,12,46,47
N 10 -5.142916 -38.097284 63,10,44,47
N 11 -5.141385 -38.095908 11
N 12 -5.142292 -38.094044 13
N 13 -5.142790 -38.095431 48,62,9,11
N 14 -5.142351 -38.096339 10,9,11
N 15 -5.141754 -38.097577 44,43
N 16 -5.141555 -38.097995 43
N 17 -5.143215 -38.094521 14,1
N 18 -5.149959 -38.100532 71,2
N 19 -5.148104 -38.099639 50,64,51,71
N 20 -5.146007 -38.098611 15,73,52
N 21 -5.149789 -38.094894 -1
N 22 -5.147333 -38.098256 15,17,16,18
N 23 -5.146331 -38.097831 15,19,73,16
N 24 -5.143426 -38.098338 63,20,70
N 25 -5.148512 -38.098806 21,50,53,51
N 26 -5.146119 -38.097747 46,19,73
N 27 -5.147497 -38.098330 53,17,51,18
N 28 -5.142108 -38.102430 65
N 29 -5.141741 -38.102940 -1
N 30 -5.149445 -38.099272 21,50
N 31 -5.149994 -38.098239 21
N 32 -5.149033 -38.100082 50,71
N 33 -5.149990 -38.096076 22
N 34 -5.149504 -38.096964 54,22
N 35 -5.149041 -38.097802 21,54,53
N 36 -5.149110 -38.094520 24,23
N 37 -5.148681 -38.095423 24,26,25,23
N 38 -5.146911 -38.099080 15,17,27,52
N 39 -5.145992 -38.100951 28,72
N 40 -5.148225 -38.096364 66,26,25,29
N 41 -5.147833 -38.097173 66,67,30,29
N 42 -5.147507 -38.097867 67,30,16,18
N 43 -5.146247 -38.100413 31,55,28,72
N 44 -5.146456 -38.100032 31,55,27,52
N 45 -5.146452 -38.100497 55,28,56
N 46 -5.147982 -38.097261 54,53,30,29
N 47 -5.146633 -38.100111 55,64,27
N 48 -5.148822 -38.095492 24,26,22
N 49 -5.148382 -38.096442 54,26,29,22
N 50 -5.146192 -38.101038 28,56
N 51 -5.147095 -38.099166 64,17,51,27
N 52 -5.149247 -38.094592 24
N 53 -5.145338 -38.100013 31,32,72
N 54 -5.147477 -38.094857 33,57
N 55 -5.145815 -38.098922 3,73,52
N 56 -5.146740 -38.096435 4,58,34,66
N 57 -5.147039 -38.095793 58,66,57
N 58 -5.146311 -38.097369 46,19,35,67
N 59 -5.147139 -38.095568 33,58,57
N 60 -5.146541 -38.097438 19,67,16
N 61 -5.149544 -38.101560 59,71
N 62 -5.150043 -38.100573 2
N 63 -5.145538 -38.097347 12,46,35
N 64 -5.141914 -38.097244 10,44
N 65 -5.143776 -38.099172 60,42,68
N 66 -5.144110 -38.098374 63,20,73
N 67 -5.143876 -38.098916 69,42,68,73
N 68 -5.144451 -38.099584 8,72,36
N 69 -5.145181 -38.099949 32,72,36
N 70 -5.147019 -38.100296 55,64,56
N 71 -5.143183 -38.098864 60,68
N 72 -5.145535 -38.099606 31,3,32,52
N 73 -5.144135 -38.096318 49,37,45,0
N 74 -5.145565 -38.096466 12,34,49,35
N 75 -5.145569 -38.096378 58,49,34,61
N 76 -5.144505 -38.095394 38,5,37,61
N 77 -5.145625 -38.095482 33,58,61
N 78 -5.144488 -38.096328 49,37,61
N 79 -5.144202 -38.095415 38,62,37,45
N 80 -5.144513 -38.095179 38,5
N 81 -5.145113 -38.095433 5,61
N 82 -5.144340 -38.095090 38,62
N 83 -5.146144 -38.094248 33
N 84 -5.144134 -38.099384 42,8,72
N 85 -5.142955 -38.099329 60
N 86 -5.147174 -38.101450 59,56
N 87 -5.143828 -38.099853 60,72
N 88 -5.149191 -38.102265 59,39
N 89 -5.147895 -38.102383 -1
N 90 -5.148923 -38.102799 39
N 91 -5.147639 -38.100607 64,59,71,56
N 92 -5.144626 -38.099230 8,73,36
N 93 -5.143991 -38.098663 69,20,73
N 94 -5.143274 -38.098668 69,68,70
N 95 -5.148522 -38.094217 -1
N 96 -5.148603 -38.094259 23
N 97 -5.148152 -38.095183 57,25,23
N 98 -5.147669 -38.097943 53,30,18
N 99 -5.149278 -38.097371 54
N 100 -5.148578 -38.097016 -1
N 101 -5.144094 -38.099365 60,42,72
N 102 -5.147698 -38.096109 66,57,25
N 103 -5.145671 -38.094138 -1
N 104 -5.143180 -38.094598 48,14,62,1
N 105 -5.144047 -38.094952 62,1
N 106 -5.142253 -38.094124 48,13
N 107 -5.145351 -38.099518 3,32,73,36
N 108 -5.142892 -38.102533 40
N 109 -5.142769 -38.102092 40,41
N 110 -5.143028 -38.102299 40,41
N 111 -5.142669 -38.102950 40
N 112 -5.142645 -38.101529 41,65
N 113 -5.142525 -38.101856 41,65
N 114 -5.142260 -38.101396 6,65
N 115 -5.141837 -38.102297 65,7
N 116 -5.141968 -38.101987 6,65,7
N 117 -5.141749 -38.101888 6,7
N 118 -5.146803 -38.096502 4,66,67
N 119 -5.146708 -38.096509 4,34,35,67
N 120 -5.144004 -38.096374 45,0,47
N 121 -5.143393 -38.098404 69,20,70
N 122 -5.142918 -38.099387 -1
N 123 -5.149962 -38.100631 71,2
N 124 -5.142729 -38.094268 14,13
N 125 -5.142690 -38.094354 48,14,13
N 126 -5.148773 -38.102090 59,39
N 127 -5.148551 -38.102648 39
N 128 -5.149130 -38.100128 71
N 129 -5.149169 -38.100054 -1
N 130 -5.148559 -38.099755 -1
N 131 -5.148518 -38.099836 50,71
N 132 -5.147298 -38.099258 64,51
N 133 -5.147335 -38.099185 -1
N 134 -5.143385 -38.098507 -1
N 135 -5.143343 -38.098487 -1
N 136 -5.143353 -38.098492 69,70
N 137 -5.143369 -38.098750 -1
N 138 -5.143423 -38.098612 -1
N 139 -5.143384 -38.098713 69,68
N 140 -5.143239 -38.098743 68
N 141 -5.143275 -38.098757 -1
N 142 -5.141785 -38.097667 -1
N 143 -5.141709 -38.097630 -1
N 144 -5.141725 -38.097638 43
A 0 92 42.723 8
A 0 84 37.021 42
A 0 67 47.553 73
A 1 16 75.766 43
A 1 94 129.438 -1
A 1 2 44.277 70
A 2 15 71.868 44
A 2 1 44.277 43
A 2 5 67.395 70
A 3 6 98.778 9
A 3 13 17.685 62
A 3 79 139.882 45
A 4 66 9.722 63
A 4 9 116.908 46
A 4 26 242.949 73
A 5 10 91.434 63
A 5 2 67.395 44
A 5 24 65.110 70
A 6 3 98.778 45
A 6 10 102.506 10
A 6 14 65.388 9
A 6 120 118.512 47
A 7 106 106.491 48
A 7 11 113.381 -1
A 7 13 116.642 11
A 8 74 161.251 12
A 8 9 99.007 47
A 8 73 11.813 49
A 8 120 13.432 0
A 9 4 116.908 63
A 9 8 99.007 12
A 9 10 134.793 47
A 9 63 156.854 46
A 10 5 91.434 44
A 10 6 102.506 47
A 10 9 134.793 63
A 10 64 111.484 10
A 11 7 113.381 11
A 11 14 117.485 -1
A 12 106 9.899 -1
A 12 124 54.539 13
A 13 3 17.685 9
A 13 7 116.642 48
A 13 14 111.795 11
A 13 104 101.917 62
A 14 6 65.388 10
A 14 11 117.485 11
A 14 13 111.795 9
A 14 64 111.405 -1
A 15 2 71.868 43
A 15 144 7.511 -1
A 15 64 40.916 44
A 16 1 75.766 -1
A 16 144 43.843 43
A 17 104 9.299 14
A 17 124 60.918 -1
A 17 105 104.438 1
A 18 128 102.505 -1
A 18 123 10.992 71
A 18 62 10.391 2
A 19 91 119.041 64
A 19 25 102.818 50
A 19 132 99.022 51
A 19 131 51.007 71
A 20 23 93.611 15
A 20 38 113.163 52
A 20 55 40.820 73
A 21 52 68.944 -1
A 22 23 120.935 16
A 22 27 20.014 17
A 22 38 102.569 15
A 22 42 47.197 18
A 23 20 93.611 73
A 23 22 120.935 15
A 23 26 25.404 19
A 23 60 49.366 16
A 24 121 8.169 70
A 24 5 65.110 63
A 24 66 76.366 20
A 25 19 102.818 51
A 25 27 124.582 53
A 25 30 115.773 50
A 25 35 125.834 21
A 26 23 25.404 73
A 26 4 242.949 46
A 26 58 47.032 19
A 27 22 20.014 18
A 27 25 124.582 51
A 27 98 46.935 53
A 27 51 102.765 17
A 28 29 69.778 -1
A 28 113 78.682 -1
A 28 115 33.586 65
A 29 28 69.778 -1
A 30 25 115.773 21
A 30 32 100.695 50
A 30 31 129.640 -1
A 31 30 129.640 21
A 31 35 116.446 -1
A 32 30 100.695 -1
A 32 131 63.392 50
A 32 128 11.886 71
A 33 34 112.204 22
A 33 48 145.014 -1
A 34 33 112.204 -1
A 34 99 51.657 54
A 34 49 137.490 22
A 35 25 125.834 53
A 35 31 116.446 21
A 35 99 54.448 -1
A 35 46 132.118 54
A 36 37 110.749 23
A 36 52 17.264 24
A 36 96 63.310 -1
A 37 36 110.749 24
A 37 40 115.909 25
A 37 97 64.543 23
A 37 48 17.536 26
A 38 22 102.569 17
A 38 44 116.986 52
A 38 20 113.163 15
A 38 51 22.590 27
A 39 50 24.286 -1
A 39 87 270.223 72
A 39 43 65.974 28
A 40 37 115.909 26
A 40 41 99.639 66
A 40 102 65.100 25
A 40 49 19.399 29
A 41 40 99.639 29
A 41 42 85.043 67
A 41 46 19.307 30
A 41 118 136.522 66
A 42 41 85.043 30
A 42 22 47.197 16
A 42 98 19.890 18
A 42 60 117.432 67
A 43 53 110.411 31
A 43 45 24.569 28
A 43 39 65.974 72
A 43 44 48.114 55
A 44 38 116.986 27
A 44 47 21.614 55
A 44 43 48.114 31
A 44 72 112.698 52
A 45 43 24.569 55
A 45 50 66.431 28
A 45 70 89.399 56
A 46 35 132.118 53
A 46 41 19.307 29
A 46 49 101.030 54
A 46 98 83.141 30
A 47 44 21.614 27
A 47 51 116.639 64
A 47 70 47.565 55
A 48 33 145.014 22
A 48 37 17.536 24
A 48 52 110.283 -1
A 48 49 116.069 26
A 49 34 137.490 54
A 49 40 19.399 26
A 49 46 101.030 29
A 49 48 116.069 22
A 50 39 24.286 28
A 50 45 66.431 56
A 50 86 118.300 -1
A 51 47 116.639 27
A 51 27 102.765 51
A 51 38 22.590 17
A 51 132 24.773 64
A 52 21 68.944 -1
A 52 36 17.264 -1
A 52 48 110.283 24
A 53 43 110.411 72
A 53 72 50.199 31
A 53 69 18.776 32
A 54 59 87.226 33
A 54 97 83.244 57
A 54 83 162.844 -1
A 55 20 40.820 52
A 55 107 96.693 73
A 55 72 82.098 3
A 56 119 8.914 34
A 56 57 78.538 66
A 56 75 130.430 58
A 56 118 10.195 4
A 57 56 78.538 58
A 57 59 27.326 57
A 57 102 81.179 66
A 58 119 104.921 67
A 58 26 47.032 46
A 58 60 26.688 19
A 58 63 86.048 35
A 59 54 87.226 57
A 59 57 27.326 58
A 59 77 168.700 33
A 60 23 49.366 19
A 60 42 117.432 16
A 60 58 26.688 67
A 61 88 87.412 59
A 61 123 112.836 -1
A 61 91 236.594 71
A 62 18 10.391 -1
A 62 123 11.064 2
A 63 9 156.854 12
A 63 58 86.048 46
A 63 74 97.624 35
A 64 10 111.484 44
A 64 14 111.405 10
A 64 15 40.916 -1
A 65 67 30.472 42
A 65 71 74.296 68
A 65 101 41.279 60
A 66 4 9.722 73
A 66 93 34.575 20
A 66 24 76.366 63
A 67 65 30.472 68
A 67 93 30.866 73
A 67 0 47.553 42
A 67 139 59.215 69
A 68 92 43.768 36
A 68 84 41.572 8
A 68 69 91.302 72
A 69 53 18.776 72
A 69 68 91.302 36
A 69 107 51.271 32
A 70 45 89.399 55
A 70 47 47.565 64
A 70 91 77.051 56
A 71 65 74.296 60
A 71 140 14.831 68
A 71 85 57.451 -1
A 72 53 50.199 32
A 72 44 112.698 31
A 72 55 82.098 52
A 72 107 22.670 3
A 73 8 11.813 0
A 73 120 15.810 45
A 73 79 100.303 37
A 73 78 39.290 49
A 74 8 161.251 49
A 74 63 97.624 12
A 74 75 9.822 34
A 74 119 127.230 35
A 75 56 130.430 34
A 75 74 9.822 49
A 75 78 120.261 61
A 75 77 99.455 58
A 76 79 33.788 38
A 76 80 23.927 5
A 76 81 67.711 61
A 76 78 103.389 37
A 77 59 168.700 58
A 77 75 99.455 61
A 77 81 57.138 -1
A 77 83 148.436 33
A 78 75 120.261 49
A 78 76 103.389 61
A 78 73 39.290 37
A 79 3 139.882 62
A 79 73 100.303 45
A 79 76 33.788 37
A 79 82 39.085 38
A 80 76 23.927 38
A 80 82 21.649 -1
A 80 81 72.408 5
A 81 76 67.711 5
A 81 77 57.138 61
A 81 80 72.408 -1
A 82 79 39.085 62
A 82 80 21.649 38
A 82 105 35.941 -1
A 83 54 162.844 33
A 83 77 148.436 -1
A 83 103 53.978 -1
A 84 0 37.021 8
A 84 68 41.572 72
A 84 101 4.955 42
A 85 71 57.451 60
A 85 122 7.643 -1
A 85 87 113.099 -1
A 86 50 118.300 56
A 86 91 106.650 59
A 86 126 191.450 -1
A 87 39 270.223 -1
A 87 85 113.099 60
A 87 101 61.620 72
A 88 61 87.412 -1
A 88 90 66.223 39
A 88 126 50.334 59
A 89 127 78.552 -1
A 90 88 66.223 -1
A 90 127 44.600 39
A 91 19 119.041 71
A 91 70 77.051 64
A 91 86 106.650 56
A 91 61 236.594 59
A 92 0 42.723 73
A 92 68 43.768 8
A 92 107 86.755 36
A 93 66 34.575 73
A 93 67 30.866 69
A 93 121 72.354 20
A 94 1 129.438 70
A 94 139 13.185 68
A 94 136 21.387 69
A 94 140 9.089 -1
A 95 96 10.166 -1
A 96 36 63.310 23
A 96 95 10.166 -1
A 96 97 113.977 -1
A 97 37 64.543 25
A 97 54 83.244 -1
A 97 96 113.977 23
A 97 102 114.383 57
A 98 27 46.935 18
A 98 42 19.890 30
A 98 46 83.141 53
A 99 34 51.657 -1
A 99 35 54.448 54
A 99 100 87.187 -1
A 100 99 87.187 -1
A 101 84 4.955 72
A 101 87 61.620 60
A 101 65 41.279 42
A 102 40 65.100 66
A 102 57 81.179 57
A 102 97 114.383 25
A 103 83 53.978 -1
A 104 13 101.917 48
A 104 17 9.299 1
A 104 105 104.242 62
A 104 125 60.843 14
A 105 82 35.941 62
A 105 104 104.242 1
A 105 17 104.438 -1
A 106 7 106.491 -1
A 106 12 9.899 13
A 106 125 54.808 48
A 107 55 96.693 3
A 107 92 86.755 73
A 107 69 51.271 36
A 107 72 22.670 32
A 108 110 30.083 -1
A 108 111 52.441 40
A 109 110 36.785 40
A 109 113 37.727 41
A 109 111 116.711 -1
A 110 108 30.083 40
A 110 109 36.785 41
A 110 112 115.550 -1
A 111 108 52.441 -1
A 111 109 116.711 40
A 112 110 115.550 41
A 112 113 38.921 65
A 112 122 242.508 -1
A 112 114 45.237 -1
A 113 28 78.682 65
A 113 109 37.727 -1
A 113 112 38.921 41
A 114 112 45.237 65
A 114 117 96.610 -1
A 114 116 73.149 6
A 115 28 33.586 -1
A 115 116 37.269 65
A 115 117 64.699 7
A 116 114 73.149 65
A 116 115 37.269 7
A 116 117 26.725 6
A 117 114 96.610 6
A 117 115 64.699 -1
A 117 116 26.725 7
A 118 41 136.522 67
A 118 56 10.195 66
A 118 119 10.651 4
A 119 56 8.914 4
A 119 58 104.921 35
A 119 74 127.230 34
A 119 118 10.651 67
A 120 6 118.512 45
A 120 73 15.810 0
A 120 8 13.432 47
A 121 24 8.169 20
A 121 93 72.354 69
A 121 136 10.728 70
A 122 85 7.643 -1
A 122 112 242.508 -1
A 123 18 10.992 2
A 123 61 112.836 71
A 123 62 11.064 -1
A 124 17 60.918 14
A 124 12 54.539 -1
A 124 125 10.431 13
A 125 106 54.808 13
A 125 124 10.431 14
A 125 104 60.843 48
A 126 86 191.450 59
A 126 88 50.334 39
A 126 127 66.639 -1
A 127 89 78.552 -1
A 127 90 44.600 -1
A 127 126 66.639 39
A 128 18 102.505 71
A 128 32 11.886 -1
A 128 129 9.367 -1
A 129 128 9.367 -1
A 130 131 10.102 -1
A 131 32 63.392 71
A 131 130 10.102 -1
A 131 19 51.007 50
A 132 19 99.022 64
A 132 51 24.773 51
A 132 133 9.126 -1
A 133 132 9.126 -1
A 134 136 3.922 -1
A 135 136 1.333 -1
A 136 94 21.387 70
A 136 121 10.728 69
A 136 134 3.922 -1
A 136 135 1.333 -1
A 137 139 4.371 -1
A 138 139 12.036 -1
A 139 94 13.185 69
A 139 137 4.371 -1
A 139 138 12.036 -1
A 139 67 59.215 68
A 140 71 14.831 -1
A 140 94 9.089 68
A 140 141 4.212 -1
A 141 140 4.212 -1
A 142 144 7.434 -1
A 143 144 1.903 -1
A 144 15 7.511 43
A 144 16 43.843 -1
A 144 142 7.434 -1
A 144 143 1.903 -1
B 3 5
B 4 17
B 5 1
B 6 1
B 12 3
B 15 6
B 16 2
B 21 1
B 22 4
B 23 1
B 25 1
B 28 3
B 31 5
B 33 1
B 35 2
B 37 1
B 38 1
B 41 52
B 45 2
B 46 1
B 48 1
B 50 3
B 51 1
B 52 3
B 53 10
B 54 11
B 57 4
B 58 9
B 59 1
B 61 2
B 62 3
B 63 5
B 66 4
B 67 5
B 72 3
