50
P 0 0.020
B 0 17 1
B 0 21 1
B 0 22 1
B 0 28 1
B 0 34 1
B 0 44 2
B 0 47 1
B 0 49 1
B 0 50 1
B 0 52 3
B 0 55 1
B 0 61 1
B 0 62 1
B 0 64 2
B 0 70 1
B 0 71 1
B 0 73 1
B 0 78 1
B 0 82 2
B 0 87 1
B 0 94 1
B 0 98 4
B 0 99 1
B 0 100 1
B 0 101 2
B 0 119 1
B 0 121 1
B 0 122 2
B 0 129 2
B 0 131 1
B 0 136 2
B 0 144 1
B 0 145 1
B 0 146 1
B 0 147 1
B 0 148 1
B 0 154 1
B 0 160 2
B 0 170 2
B 0 179 1
B 0 181 1
B 0 187 1
B 0 188 2
B 0 191 1
B 0 192 1
B 0 193 1
B 0 196 1
B 0 198 1
B 0 203 2
B 0 210 1
B 0 212 1
B 0 213 1
B 0 215 1
B 0 216 1
B 0 217 2
B 0 225 1
B 0 234 1
B 0 236 1
B 0 241 1
B 0 244 2
B 0 246 3
B 0 256 1
B 0 264 1
B 0 269 1
B 0 280 1
B 0 284 1
B 0 288 1
B 0 298 1
B 0 299 1
B 0 301 1
B 0 302 1
B 0 308 1
B 0 312 1
B 0 314 2
B 0 318 1
B 0 324 1
B 0 326 1
B 0 343 2
B 0 350 1
B 0 358 2
B 0 363 1
B 0 366 1
B 0 367 2
B 0 373 2
B 0 375 1
B 0 381 1
B 0 384 1
B 0 400 2
B 0 410 1
B 0 414 1
B 0 424 1
B 0 426 2
B 0 444 2
B 0 450 1
B 0 461 1
B 0 473 1
B 0 474 1
B 0 489 1
B 0 493 1
B 0 494 1
B 0 495 1
B 0 502 2
B 0 518 1
B 0 532 1
B 0 541 1
P 1 0.020
B 1 16 1
B 1 18 1
B 1 21 3
B 1 24 1
B 1 28 1
B 1 38 1
B 1 41 1
B 1 44 2
B 1 49 2
B 1 50 1
B 1 64 1
B 1 70 2
B 1 75 1
B 1 82 1
B 1 83 1
B 1 84 1
B 1 85 1
B 1 87 1
B 1 89 1
B 1 94 1
B 1 104 2
B 1 117 1
B 1 126 1
B 1 127 2
B 1 130 2
B 1 131 1
B 1 135 1
B 1 138 1
B 1 149 1
B 1 155 1
B 1 156 1
B 1 159 2
B 1 160 1
B 1 163 2
B 1 174 2
B 1 183 1
B 1 184 2
B 1 192 2
B 1 194 2
B 1 204 2
B 1 205 1
B 1 211 1
B 1 213 2
B 1 216 1
B 1 220 1
B 1 238 2
B 1 244 1
B 1 250 2
B 1 251 1
B 1 254 2
B 1 256 2
B 1 257 2
B 1 263 1
B 1 277 2
B 1 290 1
B 1 292 2
B 1 293 1
B 1 294 1
B 1 299 1
B 1 304 1
B 1 305 1
B 1 310 1
B 1 317 1
B 1 318 1
B 1 339 1
B 1 345 1
B 1 350 1
B 1 359 1
B 1 362 1
B 1 371 1
B 1 373 1
B 1 387 1
B 1 396 1
B 1 414 1
B 1 424 1
B 1 438 1
B 1 460 1
B 1 461 1
B 1 482 1
B 1 484 1
B 1 493 1
B 1 497 1
B 1 508 1
B 1 516 1
B 1 524 1
B 1 530 2
B 1 541 1
P 2 0.020
B 2 3 1
B 2 7 1
B 2 17 1
B 2 18 1
B 2 24 1
B 2 27 1
B 2 45 2
B 2 49 2
B 2 52 1
B 2 53 1
B 2 57 2
B 2 64 1
B 2 67 1
B 2 68 1
B 2 71 1
B 2 75 1
B 2 76 1
B 2 78 1
B 2 81 1
B 2 85 1
B 2 103 1
B 2 109 2
B 2 114 1
B 2 121 1
B 2 122 1
B 2 123 3
B 2 126 1
B 2 130 1
B 2 131 1
B 2 132 1
B 2 133 1
B 2 135 1
B 2 137 1
B 2 140 1
B 2 153 1
B 2 156 1
B 2 163 2
B 2 165 1
B 2 178 2
B 2 183 2
B 2 185 2
B 2 187 1
B 2 188 1
B 2 191 2
B 2 194 3
B 2 198 1
B 2 205 1
B 2 207 1
B 2 208 1
B 2 214 1
B 2 218 1
B 2 221 1
B 2 223 1
B 2 228 2
B 2 234 1
B 2 241 2
B 2 244 2
B 2 246 1
B 2 247 1
B 2 251 2
B 2 256 2
B 2 259 2
B 2 261 1
B 2 262 1
B 2 266 2
B 2 272 2
B 2 279 1
B 2 280 1
B 2 288 1
B 2 289 1
B 2 294 2
B 2 304 1
B 2 312 1
B 2 319 1
B 2 328 1
B 2 338 1
B 2 345 1
B 2 353 1
B 2 359 1
B 2 372 1
B 2 373 1
B 2 378 1
B 2 389 1
B 2 403 1
B 2 407 1
B 2 408 2
B 2 416 2
B 2 422 1
B 2 426 1
B 2 428 1
B 2 438 1
B 2 442 1
B 2 448 1
B 2 460 1
B 2 461 1
B 2 462 1
B 2 470 1
B 2 507 3
P 3 0.020
B 3 5 2
B 3 8 1
B 3 15 1
B 3 20 1
B 3 22 1
B 3 41 1
B 3 42 1
B 3 44 1
B 3 45 1
B 3 46 1
B 3 50 1
B 3 52 1
B 3 57 1
B 3 68 2
B 3 76 1
B 3 79 3
B 3 83 2
B 3 89 2
B 3 91 2
B 3 101 1
B 3 102 1
B 3 103 1
B 3 106 1
B 3 110 1
B 3 113 1
B 3 116 1
B 3 122 1
B 3 123 1
B 3 126 1
B 3 131 1
B 3 135 1
B 3 137 1
B 3 153 1
B 3 175 1
B 3 177 2
B 3 179 3
B 3 183 2
B 3 186 1
B 3 187 2
B 3 190 4
B 3 191 2
B 3 194 1
B 3 203 1
B 3 205 1
B 3 209 1
B 3 217 4
B 3 219 3
B 3 221 1
B 3 234 1
B 3 239 1
B 3 246 3
B 3 247 1
B 3 248 1
B 3 254 1
B 3 262 1
B 3 267 3
B 3 272 1
B 3 278 2
B 3 280 1
B 3 282 1
B 3 284 1
B 3 285 1
B 3 289 2
B 3 292 1
B 3 293 1
B 3 294 1
B 3 298 2
B 3 299 1
B 3 303 1
B 3 305 1
B 3 309 2
B 3 310 1
B 3 312 3
B 3 313 1
B 3 315 3
B 3 318 2
B 3 324 1
B 3 332 1
B 3 337 1
B 3 350 3
B 3 353 2
B 3 359 1
B 3 362 1
B 3 365 1
B 3 368 1
B 3 370 2
B 3 373 1
B 3 386 2
B 3 389 1
B 3 403 2
B 3 416 1
B 3 417 2
B 3 420 1
B 3 424 1
B 3 427 1
B 3 434 1
B 3 440 1
B 3 449 1
B 3 451 1
B 3 469 2
B 3 470 2
B 3 482 1
B 3 494 1
B 3 501 1
B 3 503 1
B 3 524 1
P 4 0.020
B 4 8 2
B 4 18 1
B 4 22 1
B 4 34 1
B 4 38 1
B 4 41 2
B 4 43 1
B 4 44 1
B 4 45 1
B 4 53 4
B 4 54 1
B 4 60 1
B 4 61 1
B 4 71 1
B 4 72 1
B 4 74 2
B 4 78 2
B 4 84 1
B 4 85 1
B 4 87 1
B 4 91 1
B 4 98 2
B 4 105 1
B 4 109 1
B 4 113 1
B 4 121 1
B 4 134 1
B 4 158 2
B 4 160 2
B 4 183 1
B 4 187 2
B 4 191 2
B 4 192 1
B 4 195 1
B 4 200 1
B 4 204 1
B 4 207 1
B 4 208 1
B 4 210 1
B 4 215 1
B 4 220 2
B 4 222 1
B 4 225 1
B 4 234 2
B 4 237 1
B 4 238 1
B 4 244 1
B 4 246 2
B 4 250 1
B 4 251 1
B 4 253 1
B 4 263 1
B 4 268 1
B 4 272 1
B 4 276 1
B 4 279 2
B 4 280 1
B 4 293 1
B 4 307 1
B 4 309 2
B 4 311 1
B 4 315 1
B 4 318 2
B 4 321 2
B 4 326 2
B 4 327 2
B 4 343 1
B 4 350 1
B 4 352 2
B 4 361 3
B 4 362 2
B 4 366 1
B 4 379 5
B 4 385 2
B 4 387 1
B 4 405 1
B 4 408 1
B 4 410 1
B 4 414 1
B 4 420 1
B 4 426 3
B 4 429 1
B 4 441 1
B 4 446 1
B 4 454 1
B 4 460 3
B 4 464 1
B 4 500 2
B 4 512 1
B 4 517 1
B 4 518 2
B 4 521 2
B 4 528 1
P 5 0.020
B 5 15 2
B 5 21 1
B 5 22 1
B 5 24 1
B 5 34 1
B 5 38 2
B 5 41 1
B 5 43 1
B 5 53 1
B 5 61 4
B 5 62 2
B 5 64 1
B 5 67 1
B 5 70 1
B 5 73 1
B 5 83 1
B 5 84 2
B 5 87 1
B 5 99 1
B 5 100 1
B 5 101 1
B 5 110 2
B 5 114 2
B 5 119 1
B 5 121 1
B 5 122 2
B 5 123 1
B 5 126 3
B 5 128 1
B 5 129 1
B 5 131 1
B 5 132 1
B 5 133 2
B 5 136 1
B 5 145 1
B 5 151 1
B 5 152 1
B 5 153 1
B 5 155 3
B 5 156 1
B 5 160 3
B 5 163 1
B 5 168 1
B 5 178 1
B 5 180 1
B 5 188 2
B 5 190 2
B 5 191 1
B 5 192 1
B 5 198 1
B 5 199 3
B 5 201 2
B 5 203 1
B 5 204 2
B 5 206 1
B 5 208 3
B 5 213 2
B 5 218 1
B 5 219 2
B 5 221 1
B 5 225 1
B 5 227 1
B 5 230 1
B 5 231 2
B 5 234 2
B 5 235 2
B 5 241 1
B 5 245 2
B 5 249 1
B 5 254 2
B 5 256 1
B 5 258 3
B 5 277 2
B 5 280 1
B 5 282 2
B 5 288 1
B 5 290 2
B 5 293 2
B 5 298 2
B 5 299 2
B 5 304 1
B 5 312 2
B 5 321 1
B 5 328 1
B 5 341 1
B 5 345 1
B 5 356 1
B 5 357 1
B 5 361 2
B 5 380 1
B 5 385 1
B 5 389 1
B 5 406 1
B 5 410 1
B 5 411 1
B 5 414 1
B 5 417 1
B 5 426 1
B 5 427 1
B 5 438 1
B 5 441 1
B 5 460 1
B 5 477 1
B 5 506 2
B 5 510 1
B 5 518 1
B 5 523 1
B 5 526 1
B 5 529 1
B 5 539 1
P 6 0.020
B 6 8 1
B 6 12 2
B 6 17 1
B 6 20 1
B 6 24 1
B 6 27 2
B 6 36 1
B 6 37 2
B 6 38 2
B 6 42 1
B 6 43 1
B 6 45 1
B 6 46 3
B 6 47 1
B 6 50 2
B 6 51 1
B 6 67 1
B 6 71 1
B 6 72 2
B 6 75 2
B 6 81 1
B 6 82 1
B 6 84 1
B 6 85 1
B 6 87 1
B 6 89 1
B 6 96 1
B 6 103 1
B 6 115 1
B 6 119 1
B 6 124 2
B 6 127 2
B 6 128 1
B 6 130 1
B 6 138 2
B 6 151 1
B 6 153 1
B 6 158 1
B 6 159 1
B 6 160 1
B 6 163 2
B 6 175 1
B 6 186 2
B 6 187 2
B 6 189 1
B 6 190 1
B 6 191 1
B 6 202 2
B 6 207 1
B 6 210 2
B 6 235 1
B 6 237 1
B 6 240 1
B 6 241 2
B 6 247 1
B 6 262 1
B 6 269 1
B 6 272 1
B 6 276 1
B 6 286 1
B 6 287 1
B 6 298 1
B 6 308 1
B 6 318 1
B 6 346 1
B 6 352 1
B 6 353 2
B 6 354 1
B 6 356 2
B 6 378 1
B 6 382 1
B 6 383 2
B 6 392 1
B 6 396 2
B 6 400 1
B 6 403 3
B 6 412 1
B 6 416 1
B 6 422 1
B 6 438 1
B 6 445 1
B 6 449 1
B 6 463 1
B 6 472 1
B 6 477 1
B 6 479 1
B 6 487 1
B 6 494 1
B 6 495 1
B 6 496 1
B 6 502 1
B 6 538 1
P 7 0.020
B 7 5 1
B 7 7 3
B 7 16 1
B 7 17 1
B 7 21 2
B 7 24 1
B 7 40 1
B 7 44 1
B 7 47 1
B 7 50 2
B 7 55 2
B 7 77 1
B 7 86 1
B 7 92 1
B 7 98 2
B 7 100 1
B 7 121 1
B 7 123 1
B 7 126 1
B 7 129 2
B 7 136 1
B 7 137 2
B 7 153 2
B 7 155 1
B 7 158 2
B 7 159 1
B 7 171 1
B 7 174 1
B 7 179 1
B 7 181 1
B 7 183 1
B 7 186 1
B 7 188 1
B 7 190 1
B 7 192 1
B 7 198 1
B 7 203 1
B 7 212 1
B 7 213 1
B 7 214 2
B 7 221 1
B 7 225 1
B 7 227 1
B 7 234 1
B 7 239 2
B 7 244 1
B 7 250 1
B 7 253 2
B 7 258 1
B 7 259 1
B 7 265 1
B 7 284 1
B 7 285 1
B 7 292 1
B 7 293 2
B 7 297 1
B 7 300 1
B 7 302 1
B 7 312 1
B 7 313 2
B 7 329 1
B 7 344 1
B 7 357 1
B 7 360 1
B 7 363 1
B 7 386 1
B 7 405 1
B 7 412 1
B 7 424 1
B 7 437 1
B 7 441 1
B 7 452 1
B 7 457 1
B 7 460 1
B 7 464 1
B 7 480 1
B 7 482 1
B 7 489 1
B 7 493 1
B 7 523 1
B 7 529 2
P 8 0.020
B 8 1 1
B 8 7 1
B 8 18 1
B 8 24 2
B 8 28 3
B 8 43 3
B 8 47 3
B 8 55 3
B 8 57 1
B 8 61 2
B 8 67 1
B 8 68 1
B 8 70 1
B 8 81 1
B 8 86 1
B 8 90 1
B 8 93 1
B 8 98 1
B 8 105 1
B 8 106 1
B 8 119 1
B 8 121 1
B 8 125 1
B 8 138 1
B 8 144 1
B 8 152 1
B 8 158 1
B 8 159 1
B 8 163 1
B 8 181 2
B 8 193 1
B 8 196 1
B 8 198 1
B 8 200 1
B 8 204 1
B 8 205 2
B 8 213 1
B 8 217 1
B 8 219 1
B 8 221 2
B 8 222 1
B 8 228 1
B 8 234 2
B 8 239 3
B 8 241 2
B 8 242 2
B 8 246 1
B 8 250 1
B 8 252 3
B 8 256 1
B 8 277 1
B 8 279 1
B 8 280 1
B 8 285 2
B 8 288 1
B 8 291 1
B 8 294 1
B 8 296 1
B 8 301 1
B 8 308 2
B 8 309 1
B 8 313 3
B 8 322 1
B 8 325 1
B 8 326 1
B 8 344 1
B 8 345 1
B 8 353 1
B 8 354 2
B 8 359 1
B 8 371 1
B 8 381 1
B 8 400 1
B 8 404 2
B 8 409 1
B 8 416 1
B 8 433 1
B 8 448 1
B 8 456 2
B 8 465 1
B 8 482 1
B 8 512 3
B 8 541 1
P 9 0.020
B 9 22 1
B 9 24 1
B 9 27 2
B 9 29 2
B 9 38 1
B 9 42 1
B 9 49 1
B 9 50 1
B 9 51 1
B 9 52 1
B 9 53 1
B 9 62 2
B 9 64 1
B 9 66 1
B 9 75 1
B 9 76 1
B 9 77 1
B 9 78 3
B 9 79 1
B 9 91 1
B 9 92 1
B 9 104 1
B 9 109 1
B 9 110 1
B 9 113 1
B 9 114 1
B 9 119 3
B 9 121 1
B 9 122 1
B 9 124 1
B 9 126 1
B 9 128 2
B 9 129 2
B 9 137 1
B 9 140 1
B 9 144 1
B 9 148 2
B 9 153 2
B 9 177 1
B 9 179 1
B 9 181 1
B 9 184 1
B 9 197 1
B 9 201 1
B 9 202 1
B 9 204 1
B 9 205 1
B 9 210 1
B 9 212 1
B 9 213 1
B 9 219 1
B 9 223 1
B 9 230 1
B 9 246 1
B 9 252 1
B 9 258 2
B 9 261 1
B 9 265 1
B 9 270 2
B 9 272 2
B 9 280 1
B 9 282 2
B 9 293 1
B 9 294 1
B 9 297 1
B 9 303 1
B 9 317 1
B 9 329 1
B 9 332 1
B 9 338 1
B 9 342 1
B 9 349 1
B 9 354 2
B 9 356 1
B 9 357 1
B 9 358 1
B 9 371 2
B 9 379 1
B 9 386 1
B 9 404 1
B 9 405 1
B 9 406 1
B 9 409 2
B 9 417 2
B 9 450 1
B 9 455 1
B 9 460 1
B 9 467 1
B 9 474 2
B 9 475 1
B 9 482 1
B 9 500 1
B 9 524 2
B 9 536 1
B 9 545 2
P 10 0.020
B 10 7 1
B 10 10 1
B 10 18 1
B 10 26 2
B 10 37 1
B 10 44 3
B 10 45 1
B 10 47 2
B 10 53 1
B 10 55 1
B 10 57 1
B 10 64 2
B 10 68 1
B 10 69 1
B 10 72 1
B 10 74 2
B 10 79 1
B 10 94 1
B 10 100 2
B 10 108 1
B 10 110 1
B 10 114 1
B 10 126 1
B 10 130 1
B 10 131 1
B 10 137 1
B 10 148 1
B 10 152 1
B 10 153 2
B 10 154 1
B 10 155 1
B 10 174 2
B 10 193 1
B 10 194 2
B 10 196 2
B 10 207 1
B 10 210 1
B 10 211 1
B 10 212 2
B 10 219 2
B 10 221 1
B 10 228 1
B 10 240 1
B 10 241 1
B 10 243 1
B 10 244 3
B 10 245 1
B 10 249 1
B 10 250 2
B 10 251 1
B 10 256 1
B 10 259 2
B 10 261 1
B 10 262 1
B 10 267 2
B 10 273 1
B 10 285 1
B 10 286 1
B 10 292 1
B 10 294 5
B 10 313 1
B 10 317 1
B 10 325 1
B 10 344 1
B 10 361 1
B 10 373 2
B 10 378 2
B 10 384 1
B 10 390 1
B 10 403 1
B 10 406 1
B 10 407 1
B 10 412 1
B 10 417 1
B 10 419 1
B 10 429 1
B 10 440 1
B 10 442 1
B 10 449 2
B 10 450 2
B 10 451 1
B 10 455 1
B 10 460 1
B 10 461 2
B 10 473 1
B 10 474 1
B 10 502 1
B 10 506 1
B 10 512 1
P 11 0.020
B 11 26 1
B 11 33 1
B 11 39 1
B 11 41 4
B 11 46 2
B 11 47 1
B 11 57 1
B 11 62 1
B 11 66 1
B 11 72 1
B 11 73 1
B 11 81 2
B 11 85 2
B 11 87 1
B 11 88 2
B 11 89 1
B 11 90 2
B 11 91 2
B 11 102 1
B 11 108 1
B 11 115 1
B 11 123 1
B 11 126 1
B 11 127 1
B 11 153 1
B 11 155 3
B 11 156 1
B 11 163 1
B 11 171 1
B 11 174 1
B 11 177 1
B 11 178 1
B 11 181 1
B 11 188 1
B 11 193 1
B 11 194 2
B 11 195 1
B 11 196 2
B 11 197 3
B 11 198 2
B 11 201 1
B 11 205 3
B 11 208 1
B 11 210 1
B 11 211 2
B 11 215 1
B 11 218 2
B 11 221 1
B 11 222 1
B 11 230 2
B 11 234 3
B 11 237 2
B 11 239 1
B 11 242 1
B 11 249 1
B 11 252 1
B 11 254 1
B 11 262 1
B 11 267 1
B 11 272 2
B 11 282 1
B 11 288 2
B 11 294 1
B 11 314 1
B 11 318 3
B 11 319 1
B 11 326 1
B 11 349 1
B 11 361 1
B 11 380 1
B 11 385 1
B 11 388 1
B 11 396 2
B 11 400 1
B 11 403 2
B 11 407 1
B 11 422 1
B 11 429 1
B 11 440 1
B 11 447 1
B 11 454 1
B 11 457 1
B 11 467 1
B 11 470 1
B 11 472 1
B 11 482 1
B 11 484 1
B 11 487 1
B 11 501 1
B 11 502 1
B 11 504 1
B 11 507 1
B 11 516 2
B 11 518 1
B 11 529 1
B 11 540 1
B 11 543 1
P 12 0.020
B 12 5 1
B 12 21 1
B 12 22 2
B 12 32 1
B 12 41 1
B 12 47 1
B 12 52 1
B 12 53 1
B 12 55 2
B 12 57 2
B 12 60 1
B 12 70 1
B 12 72 1
B 12 75 1
B 12 78 1
B 12 80 1
B 12 82 1
B 12 84 1
B 12 90 1
B 12 92 1
B 12 98 2
B 12 99 1
B 12 119 4
B 12 121 1
B 12 128 1
B 12 133 2
B 12 136 1
B 12 137 1
B 12 145 1
B 12 159 2
B 12 161 1
B 12 169 2
B 12 177 2
B 12 186 2
B 12 191 1
B 12 192 1
B 12 193 1
B 12 201 1
B 12 205 1
B 12 208 2
B 12 213 2
B 12 217 1
B 12 219 1
B 12 221 1
B 12 222 1
B 12 228 1
B 12 235 1
B 12 243 1
B 12 246 1
B 12 248 1
B 12 254 1
B 12 257 2
B 12 258 1
B 12 265 1
B 12 266 1
B 12 267 1
B 12 271 1
B 12 272 1
B 12 276 1
B 12 279 2
B 12 280 1
B 12 286 1
B 12 290 1
B 12 292 1
B 12 296 2
B 12 306 1
B 12 317 1
B 12 324 1
B 12 325 1
B 12 341 1
B 12 358 1
B 12 361 1
B 12 370 2
B 12 381 1
B 12 403 1
B 12 413 1
B 12 414 1
B 12 420 1
B 12 422 2
B 12 423 1
B 12 428 1
B 12 438 1
B 12 442 1
B 12 460 1
B 12 470 1
B 12 473 2
B 12 483 2
B 12 495 1
B 12 516 1
B 12 530 1
B 12 536 1
P 13 0.020
B 13 8 1
B 13 16 1
B 13 21 1
B 13 22 1
B 13 38 2
B 13 41 1
B 13 42 1
B 13 43 3
B 13 44 1
B 13 50 1
B 13 55 1
B 13 60 3
B 13 61 3
B 13 62 2
B 13 72 1
B 13 78 2
B 13 81 3
B 13 82 1
B 13 90 2
B 13 93 1
B 13 94 2
B 13 121 1
B 13 122 4
B 13 131 1
B 13 133 2
B 13 134 1
B 13 137 1
B 13 138 1
B 13 142 1
B 13 154 1
B 13 158 1
B 13 177 2
B 13 182 2
B 13 188 1
B 13 190 2
B 13 205 1
B 13 207 2
B 13 210 2
B 13 214 1
B 13 218 1
B 13 219 1
B 13 222 1
B 13 223 1
B 13 225 1
B 13 234 1
B 13 243 2
B 13 253 1
B 13 254 1
B 13 255 1
B 13 256 2
B 13 262 3
B 13 266 1
B 13 270 1
B 13 276 2
B 13 280 1
B 13 282 1
B 13 286 1
B 13 289 2
B 13 297 1
B 13 307 1
B 13 309 2
B 13 312 1
B 13 314 1
B 13 315 1
B 13 343 1
B 13 353 1
B 13 375 1
B 13 379 2
B 13 388 2
B 13 389 1
B 13 403 1
B 13 404 2
B 13 422 1
B 13 423 2
B 13 424 1
B 13 436 1
B 13 438 3
B 13 440 1
B 13 455 1
B 13 456 2
B 13 458 1
B 13 460 1
B 13 470 1
B 13 472 1
B 13 487 1
B 13 521 1
B 13 536 1
B 13 538 1
P 14 0.020
B 14 1 1
B 14 18 1
B 14 19 2
B 14 27 2
B 14 31 2
B 14 44 1
B 14 46 2
B 14 47 2
B 14 51 1
B 14 52 1
B 14 54 1
B 14 55 2
B 14 57 1
B 14 61 1
B 14 62 1
B 14 68 1
B 14 70 1
B 14 71 1
B 14 73 2
B 14 77 1
B 14 79 1
B 14 80 2
B 14 82 1
B 14 89 1
B 14 92 1
B 14 114 2
B 14 115 1
B 14 119 1
B 14 125 2
B 14 128 2
B 14 131 2
B 14 132 1
B 14 133 2
B 14 152 1
B 14 155 1
B 14 159 1
B 14 161 1
B 14 163 1
B 14 166 1
B 14 177 2
B 14 179 1
B 14 181 1
B 14 183 1
B 14 198 2
B 14 200 1
B 14 205 1
B 14 209 1
B 14 210 1
B 14 211 2
B 14 213 2
B 14 215 1
B 14 216 1
B 14 218 1
B 14 219 1
B 14 221 1
B 14 227 1
B 14 228 1
B 14 234 1
B 14 238 1
B 14 240 2
B 14 241 1
B 14 249 1
B 14 254 1
B 14 258 1
B 14 262 2
B 14 267 1
B 14 275 1
B 14 284 1
B 14 288 1
B 14 292 2
B 14 298 1
B 14 307 1
B 14 317 1
B 14 320 1
B 14 322 2
B 14 341 2
B 14 345 1
B 14 353 1
B 14 359 1
B 14 370 2
B 14 383 1
B 14 400 1
B 14 404 3
B 14 405 1
B 14 416 1
B 14 417 1
B 14 422 2
B 14 429 1
B 14 433 1
B 14 449 1
B 14 454 1
B 14 462 1
B 14 464 1
B 14 484 1
B 14 495 1
B 14 501 2
B 14 514 1
B 14 515 1
B 14 522 1
B 14 536 1
P 15 0.020
B 15 7 2
B 15 17 1
B 15 18 2
B 15 21 2
B 15 22 1
B 15 24 2
B 15 36 2
B 15 43 1
B 15 44 1
B 15 48 1
B 15 50 1
B 15 51 1
B 15 52 1
B 15 53 1
B 15 54 1
B 15 57 1
B 15 60 1
B 15 62 1
B 15 66 1
B 15 71 1
B 15 82 1
B 15 89 2
B 15 103 1
B 15 121 1
B 15 122 2
B 15 127 1
B 15 138 1
B 15 143 1
B 15 155 1
B 15 156 2
B 15 159 1
B 15 179 1
B 15 182 1
B 15 188 2
B 15 191 1
B 15 192 3
B 15 196 1
B 15 198 1
B 15 199 1
B 15 200 2
B 15 205 1
B 15 209 1
B 15 212 2
B 15 213 1
B 15 231 1
B 15 234 3
B 15 235 1
B 15 239 1
B 15 244 1
B 15 245 2
B 15 247 1
B 15 250 2
B 15 253 1
B 15 254 2
B 15 262 1
B 15 269 1
B 15 277 1
B 15 278 1
B 15 296 1
B 15 343 1
B 15 346 1
B 15 352 1
B 15 353 1
B 15 366 1
B 15 370 1
B 15 384 1
B 15 387 1
B 15 391 1
B 15 392 2
B 15 422 1
B 15 424 1
B 15 438 2
B 15 442 1
B 15 453 1
B 15 461 1
B 15 464 1
B 15 471 1
B 15 476 1
B 15 483 2
B 15 493 1
B 15 500 1
B 15 541 2
P 16 0.020
B 16 6 1
B 16 7 1
B 16 24 1
B 16 42 1
B 16 44 2
B 16 45 1
B 16 47 1
B 16 54 1
B 16 57 1
B 16 61 2
B 16 67 3
B 16 68 2
B 16 74 1
B 16 81 1
B 16 83 2
B 16 84 1
B 16 87 2
B 16 91 1
B 16 95 1
B 16 100 1
B 16 101 2
B 16 104 1
B 16 105 1
B 16 111 1
B 16 119 2
B 16 122 1
B 16 128 2
B 16 133 1
B 16 147 1
B 16 159 1
B 16 162 1
B 16 190 1
B 16 193 2
B 16 194 1
B 16 200 1
B 16 205 3
B 16 207 1
B 16 210 1
B 16 221 3
B 16 228 1
B 16 240 1
B 16 247 1
B 16 251 1
B 16 258 1
B 16 259 1
B 16 262 1
B 16 267 1
B 16 277 1
B 16 278 1
B 16 283 1
B 16 292 1
B 16 294 2
B 16 302 1
B 16 303 1
B 16 308 1
B 16 312 2
B 16 316 2
B 16 325 1
B 16 356 1
B 16 363 1
B 16 371 1
B 16 383 1
B 16 404 1
B 16 405 2
B 16 410 1
B 16 412 2
B 16 429 1
B 16 436 1
B 16 457 2
B 16 463 2
B 16 474 1
B 16 477 2
B 16 487 1
B 16 500 1
B 16 521 1
B 16 524 2
P 17 0.020
B 17 17 2
B 17 18 1
B 17 21 1
B 17 24 2
B 17 26 1
B 17 34 1
B 17 38 2
B 17 42 3
B 17 43 2
B 17 47 1
B 17 49 2
B 17 50 1
B 17 53 1
B 17 62 1
B 17 67 1
B 17 75 2
B 17 82 1
B 17 84 1
B 17 95 2
B 17 118 1
B 17 121 1
B 17 123 1
B 17 127 1
B 17 132 1
B 17 136 2
B 17 137 2
B 17 140 1
B 17 142 2
B 17 144 1
B 17 156 1
B 17 162 1
B 17 176 3
B 17 177 1
B 17 179 1
B 17 183 1
B 17 186 3
B 17 189 1
B 17 194 1
B 17 195 1
B 17 202 1
B 17 210 1
B 17 211 1
B 17 218 1
B 17 224 2
B 17 241 1
B 17 247 2
B 17 249 1
B 17 254 1
B 17 259 1
B 17 262 3
B 17 269 1
B 17 272 2
B 17 276 1
B 17 280 1
B 17 287 1
B 17 298 1
B 17 304 1
B 17 317 1
B 17 318 3
B 17 324 1
B 17 332 1
B 17 338 1
B 17 368 1
B 17 370 1
B 17 379 1
B 17 383 1
B 17 385 1
B 17 400 1
B 17 404 1
B 17 411 1
B 17 414 1
B 17 417 4
B 17 420 1
B 17 424 1
B 17 440 3
B 17 454 2
B 17 458 2
B 17 461 1
B 17 463 1
B 17 465 1
B 17 466 1
B 17 472 2
B 17 477 1
B 17 484 1
B 17 491 1
B 17 523 1
B 17 527 2
B 17 535 1
B 17 540 1
B 17 541 1
P 18 0.020
B 18 42 2
B 18 44 1
B 18 45 1
B 18 52 1
B 18 53 1
B 18 62 2
B 18 69 1
B 18 74 1
B 18 77 1
B 18 79 2
B 18 85 1
B 18 86 1
B 18 87 1
B 18 88 1
B 18 91 2
B 18 94 1
B 18 99 1
B 18 106 1
B 18 119 2
B 18 121 1
B 18 124 2
B 18 128 3
B 18 129 1
B 18 132 2
B 18 133 1
B 18 153 1
B 18 154 2
B 18 164 1
B 18 173 1
B 18 178 1
B 18 184 1
B 18 188 1
B 18 190 4
B 18 192 1
B 18 194 1
B 18 197 1
B 18 205 1
B 18 207 2
B 18 211 1
B 18 212 1
B 18 213 1
B 18 214 1
B 18 216 1
B 18 221 1
B 18 228 2
B 18 235 1
B 18 244 1
B 18 275 1
B 18 277 1
B 18 278 1
B 18 280 2
B 18 292 2
B 18 294 1
B 18 303 2
B 18 319 1
B 18 332 2
B 18 342 1
B 18 343 2
B 18 353 1
B 18 358 2
B 18 373 2
B 18 387 1
B 18 394 2
B 18 400 1
B 18 412 1
B 18 417 1
B 18 424 1
B 18 435 1
B 18 461 1
B 18 477 1
B 18 478 1
B 18 495 2
B 18 496 1
B 18 502 1
B 18 512 1
B 18 517 1
B 18 521 1
P 19 0.020
B 19 7 1
B 19 12 1
B 19 16 1
B 19 38 1
B 19 41 2
B 19 42 2
B 19 46 2
B 19 47 1
B 19 48 1
B 19 49 1
B 19 50 1
B 19 68 1
B 19 71 1
B 19 73 2
B 19 78 1
B 19 84 1
B 19 87 1
B 19 102 1
B 19 112 1
B 19 119 3
B 19 123 1
B 19 128 1
B 19 153 1
B 19 158 1
B 19 178 1
B 19 181 1
B 19 182 1
B 19 186 1
B 19 188 1
B 19 192 1
B 19 211 1
B 19 213 1
B 19 221 2
B 19 222 1
B 19 227 1
B 19 236 1
B 19 257 2
B 19 258 1
B 19 260 1
B 19 262 1
B 19 272 1
B 19 275 2
B 19 277 1
B 19 278 1
B 19 285 1
B 19 288 1
B 19 294 1
B 19 300 1
B 19 302 1
B 19 305 1
B 19 308 1
B 19 309 1
B 19 312 1
B 19 318 1
B 19 327 1
B 19 341 3
B 19 346 2
B 19 359 1
B 19 364 1
B 19 370 1
B 19 373 2
B 19 378 2
B 19 379 2
B 19 384 1
B 19 389 1
B 19 410 1
B 19 433 1
B 19 437 1
B 19 438 1
B 19 455 1
B 19 457 2
B 19 464 1
B 19 474 2
B 19 478 1
B 19 512 2
B 19 521 1
B 19 532 1
B 19 543 1
B 19 545 1
B 19 548 1
P 20 0.020
B 20 18 2
B 20 22 1
B 20 24 1
B 20 25 1
B 20 38 1
B 20 42 1
B 20 52 2
B 20 56 1
B 20 67 1
B 20 68 1
B 20 74 1
B 20 76 1
B 20 77 1
B 20 83 1
B 20 87 2
B 20 88 1
B 20 90 1
B 20 92 1
B 20 94 1
B 20 97 1
B 20 123 1
B 20 128 2
B 20 133 1
B 20 137 1
B 20 141 2
B 20 146 1
B 20 148 1
B 20 151 2
B 20 158 1
B 20 162 2
B 20 168 3
B 20 172 1
B 20 179 1
B 20 185 1
B 20 187 2
B 20 192 1
B 20 196 3
B 20 203 1
B 20 212 2
B 20 215 1
B 20 216 1
B 20 217 2
B 20 219 3
B 20 240 2
B 20 248 2
B 20 249 1
B 20 254 1
B 20 263 1
B 20 264 1
B 20 280 2
B 20 283 1
B 20 292 1
B 20 308 1
B 20 309 1
B 20 315 2
B 20 318 1
B 20 321 1
B 20 327 2
B 20 329 1
B 20 345 3
B 20 361 2
B 20 382 1
B 20 383 1
B 20 384 1
B 20 392 1
B 20 400 1
B 20 405 1
B 20 416 1
B 20 423 1
B 20 437 2
B 20 438 1
B 20 444 1
B 20 468 1
B 20 474 2
B 20 483 1
B 20 494 1
B 20 496 1
B 20 547 1
P 21 0.020
B 21 27 1
B 21 52 2
B 21 54 3
B 21 60 1
B 21 61 1
B 21 71 1
B 21 81 1
B 21 87 1
B 21 105 2
B 21 107 1
B 21 114 1
B 21 121 1
B 21 122 1
B 21 124 1
B 21 126 1
B 21 127 1
B 21 130 2
B 21 135 1
B 21 136 1
B 21 138 2
B 21 144 4
B 21 147 1
B 21 148 1
B 21 158 1
B 21 159 1
B 21 163 1
B 21 168 1
B 21 178 1
B 21 183 1
B 21 192 2
B 21 193 1
B 21 194 2
B 21 195 1
B 21 198 1
B 21 203 1
B 21 206 2
B 21 208 1
B 21 210 1
B 21 211 1
B 21 213 2
B 21 217 1
B 21 234 1
B 21 237 2
B 21 239 2
B 21 242 1
B 21 245 1
B 21 251 1
B 21 253 1
B 21 256 2
B 21 265 2
B 21 269 1
B 21 277 2
B 21 278 1
B 21 279 1
B 21 282 1
B 21 286 1
B 21 294 1
B 21 306 1
B 21 311 1
B 21 314 1
B 21 323 1
B 21 325 1
B 21 345 2
B 21 354 1
B 21 366 2
B 21 375 1
B 21 377 2
B 21 379 1
B 21 387 2
B 21 400 2
B 21 403 1
B 21 409 1
B 21 426 1
B 21 429 1
B 21 438 2
B 21 450 1
B 21 455 1
B 21 462 1
B 21 467 1
B 21 487 2
B 21 494 1
B 21 495 1
B 21 500 1
B 21 517 2
B 21 539 1
P 22 0.020
B 22 8 1
B 22 17 1
B 22 24 1
B 22 29 1
B 22 37 1
B 22 46 1
B 22 47 1
B 22 72 1
B 22 76 2
B 22 80 2
B 22 84 2
B 22 85 2
B 22 86 1
B 22 92 1
B 22 119 1
B 22 122 1
B 22 124 1
B 22 128 1
B 22 131 1
B 22 137 1
B 22 160 1
B 22 175 1
B 22 181 1
B 22 185 1
B 22 188 1
B 22 191 1
B 22 192 1
B 22 193 1
B 22 194 1
B 22 196 2
B 22 202 1
B 22 203 1
B 22 207 1
B 22 208 1
B 22 209 1
B 22 211 1
B 22 212 2
B 22 216 1
B 22 229 1
B 22 233 1
B 22 249 1
B 22 258 1
B 22 261 1
B 22 264 1
B 22 273 1
B 22 275 1
B 22 279 1
B 22 280 2
B 22 290 1
B 22 293 1
B 22 294 2
B 22 295 1
B 22 300 1
B 22 304 1
B 22 314 3
B 22 315 1
B 22 318 1
B 22 320 1
B 22 322 1
B 22 331 1
B 22 337 1
B 22 339 2
B 22 345 1
B 22 352 1
B 22 356 1
B 22 358 1
B 22 398 1
B 22 400 1
B 22 403 1
B 22 405 1
B 22 407 1
B 22 408 1
B 22 417 2
B 22 420 1
B 22 437 1
B 22 440 1
B 22 450 1
B 22 456 1
B 22 458 2
B 22 460 1
B 22 462 3
B 22 482 1
B 22 499 1
B 22 541 3
P 23 0.020
B 23 8 1
B 23 15 2
B 23 42 1
B 23 45 1
B 23 46 1
B 23 47 1
B 23 50 1
B 23 53 1
B 23 55 1
B 23 59 1
B 23 62 1
B 23 71 1
B 23 72 1
B 23 73 1
B 23 76 3
B 23 77 1
B 23 81 1
B 23 91 1
B 23 99 2
B 23 130 2
B 23 137 1
B 23 140 1
B 23 142 1
B 23 144 1
B 23 145 1
B 23 152 1
B 23 156 1
B 23 158 2
B 23 159 2
B 23 160 2
B 23 161 1
B 23 177 1
B 23 178 1
B 23 182 1
B 23 186 2
B 23 193 1
B 23 194 1
B 23 197 2
B 23 198 2
B 23 207 1
B 23 211 1
B 23 213 1
B 23 228 1
B 23 234 1
B 23 240 1
B 23 241 3
B 23 242 2
B 23 251 1
B 23 279 1
B 23 288 1
B 23 293 1
B 23 314 1
B 23 317 1
B 23 323 1
B 23 325 2
B 23 333 1
B 23 338 1
B 23 345 1
B 23 349 1
B 23 352 2
B 23 353 2
B 23 359 1
B 23 370 1
B 23 371 1
B 23 374 1
B 23 381 1
B 23 382 1
B 23 383 1
B 23 384 3
B 23 388 1
B 23 422 2
B 23 427 2
B 23 437 2
B 23 440 1
B 23 449 1
B 23 457 1
B 23 460 1
B 23 462 1
B 23 464 1
B 23 476 1
B 23 485 1
B 23 496 1
B 23 500 1
P 24 0.020
B 24 21 1
B 24 22 1
B 24 25 1
B 24 46 3
B 24 53 1
B 24 58 1
B 24 60 1
B 24 61 1
B 24 64 1
B 24 72 1
B 24 88 1
B 24 90 1
B 24 100 1
B 24 103 1
B 24 112 2
B 24 119 3
B 24 122 2
B 24 131 2
B 24 133 2
B 24 135 1
B 24 136 1
B 24 142 1
B 24 148 1
B 24 153 2
B 24 156 2
B 24 159 1
B 24 161 1
B 24 175 1
B 24 176 2
B 24 181 1
B 24 186 1
B 24 190 1
B 24 197 2
B 24 198 1
B 24 202 3
B 24 204 1
B 24 205 1
B 24 210 1
B 24 211 1
B 24 215 1
B 24 227 1
B 24 236 1
B 24 237 1
B 24 239 2
B 24 241 2
B 24 246 1
B 24 247 2
B 24 253 1
B 24 254 1
B 24 258 1
B 24 275 1
B 24 277 1
B 24 278 3
B 24 287 1
B 24 290 1
B 24 297 1
B 24 301 1
B 24 303 1
B 24 326 1
B 24 331 1
B 24 341 1
B 24 348 1
B 24 352 1
B 24 353 1
B 24 355 1
B 24 371 1
B 24 373 1
B 24 401 1
B 24 403 2
B 24 406 1
B 24 408 2
B 24 420 3
B 24 451 1
B 24 470 2
B 24 474 1
B 24 477 1
B 24 478 1
B 24 488 2
B 24 491 1
B 24 500 2
B 24 502 2
B 24 540 1
B 24 545 1
P 25 0.020
B 25 5 1
B 25 22 1
B 25 34 1
B 25 44 1
B 25 45 1
B 25 50 1
B 25 53 1
B 25 57 2
B 25 60 2
B 25 68 1
B 25 72 2
B 25 73 1
B 25 77 3
B 25 81 1
B 25 84 1
B 25 90 1
B 25 111 1
B 25 120 1
B 25 122 1
B 25 124 1
B 25 127 2
B 25 128 1
B 25 130 1
B 25 137 3
B 25 139 1
B 25 144 3
B 25 150 1
B 25 158 1
B 25 177 1
B 25 181 2
B 25 184 1
B 25 187 1
B 25 191 3
B 25 194 1
B 25 205 2
B 25 210 1
B 25 211 2
B 25 212 1
B 25 215 1
B 25 216 2
B 25 218 1
B 25 221 1
B 25 226 1
B 25 229 1
B 25 232 1
B 25 234 2
B 25 241 1
B 25 246 2
B 25 250 1
B 25 251 1
B 25 254 1
B 25 255 1
B 25 276 1
B 25 277 1
B 25 280 2
B 25 294 2
B 25 301 1
B 25 302 2
B 25 340 1
B 25 341 1
B 25 343 1
B 25 361 1
B 25 375 2
B 25 393 1
B 25 400 1
B 25 403 1
B 25 427 2
B 25 432 1
B 25 450 2
B 25 476 2
B 25 493 1
B 25 512 2
B 25 518 1
P 26 0.020
B 26 7 1
B 26 21 1
B 26 24 1
B 26 25 2
B 26 27 2
B 26 28 2
B 26 42 3
B 26 44 1
B 26 45 1
B 26 49 1
B 26 55 2
B 26 57 1
B 26 65 1
B 26 70 3
B 26 76 1
B 26 81 1
B 26 82 1
B 26 89 1
B 26 91 1
B 26 119 2
B 26 123 1
B 26 128 1
B 26 142 1
B 26 144 2
B 26 149 1
B 26 163 1
B 26 178 2
B 26 183 1
B 26 191 1
B 26 192 4
B 26 197 1
B 26 198 1
B 26 200 1
B 26 203 1
B 26 205 2
B 26 207 1
B 26 210 1
B 26 212 1
B 26 226 1
B 26 234 2
B 26 235 1
B 26 243 1
B 26 246 1
B 26 250 2
B 26 256 1
B 26 258 1
B 26 259 1
B 26 266 1
B 26 272 2
B 26 276 1
B 26 278 1
B 26 279 1
B 26 290 1
B 26 292 2
B 26 294 1
B 26 296 1
B 26 297 1
B 26 299 1
B 26 310 2
B 26 312 1
B 26 317 1
B 26 328 1
B 26 332 1
B 26 361 3
B 26 363 1
B 26 373 2
B 26 398 1
B 26 403 1
B 26 422 1
B 26 438 1
B 26 444 1
B 26 447 1
B 26 449 1
B 26 463 1
B 26 478 1
B 26 482 1
B 26 522 2
B 26 532 1
B 26 538 1
P 27 0.020
B 27 6 1
B 27 16 1
B 27 17 1
B 27 21 1
B 27 22 1
B 27 42 1
B 27 45 1
B 27 47 1
B 27 53 2
B 27 64 1
B 27 67 3
B 27 74 1
B 27 77 1
B 27 81 1
B 27 84 1
B 27 87 1
B 27 93 1
B 27 94 1
B 27 108 1
B 27 112 1
B 27 114 1
B 27 117 1
B 27 124 1
B 27 125 1
B 27 127 1
B 27 136 2
B 27 140 1
B 27 141 1
B 27 142 1
B 27 144 1
B 27 151 1
B 27 153 1
B 27 199 1
B 27 202 2
B 27 203 1
B 27 204 2
B 27 206 3
B 27 212 1
B 27 215 3
B 27 220 1
B 27 224 1
B 27 227 1
B 27 228 1
B 27 235 1
B 27 239 1
B 27 244 2
B 27 246 1
B 27 250 3
B 27 252 1
B 27 253 1
B 27 255 2
B 27 258 1
B 27 260 1
B 27 262 1
B 27 277 1
B 27 280 1
B 27 283 1
B 27 290 2
B 27 291 1
B 27 299 1
B 27 311 1
B 27 323 2
B 27 333 1
B 27 339 1
B 27 359 1
B 27 361 1
B 27 367 1
B 27 378 1
B 27 384 2
B 27 403 2
B 27 405 1
B 27 406 2
B 27 407 1
B 27 409 1
B 27 418 1
B 27 422 1
B 27 426 1
B 27 428 1
B 27 438 2
B 27 440 2
B 27 456 1
B 27 460 1
B 27 470 3
B 27 487 1
B 27 501 2
B 27 544 1
P 28 0.020
B 28 17 1
B 28 27 1
B 28 38 1
B 28 43 1
B 28 45 1
B 28 46 1
B 28 67 1
B 28 75 1
B 28 91 1
B 28 94 1
B 28 100 2
B 28 102 1
B 28 114 1
B 28 121 2
B 28 124 1
B 28 125 1
B 28 130 1
B 28 133 2
B 28 136 2
B 28 137 1
B 28 140 1
B 28 142 1
B 28 146 2
B 28 148 1
B 28 153 1
B 28 163 1
B 28 181 1
B 28 183 2
B 28 190 2
B 28 191 1
B 28 196 1
B 28 200 1
B 28 202 1
B 28 215 1
B 28 217 1
B 28 225 1
B 28 234 1
B 28 249 2
B 28 250 2
B 28 253 2
B 28 262 1
B 28 280 1
B 28 282 1
B 28 288 1
B 28 292 1
B 28 301 1
B 28 315 1
B 28 327 1
B 28 346 1
B 28 352 1
B 28 366 1
B 28 368 1
B 28 375 2
B 28 400 1
B 28 405 1
B 28 417 1
B 28 422 1
B 28 431 1
B 28 432 1
B 28 438 2
B 28 440 1
B 28 454 2
B 28 455 2
B 28 460 1
B 28 464 2
B 28 472 1
B 28 476 1
B 28 479 1
B 28 499 2
B 28 522 1
B 28 523 1
B 28 525 1
P 29 0.020
B 29 10 1
B 29 24 1
B 29 26 1
B 29 28 1
B 29 29 1
B 29 36 1
B 29 37 2
B 29 42 1
B 29 43 1
B 29 44 1
B 29 45 1
B 29 52 1
B 29 64 1
B 29 76 1
B 29 77 1
B 29 78 1
B 29 79 1
B 29 84 1
B 29 87 2
B 29 92 1
B 29 101 1
B 29 105 1
B 29 111 1
B 29 122 1
B 29 123 1
B 29 125 2
B 29 133 2
B 29 135 2
B 29 137 1
B 29 140 2
B 29 145 1
B 29 148 1
B 29 166 1
B 29 167 1
B 29 174 1
B 29 177 1
B 29 178 1
B 29 183 1
B 29 188 1
B 29 202 1
B 29 206 1
B 29 207 3
B 29 210 1
B 29 212 1
B 29 213 3
B 29 215 1
B 29 222 1
B 29 223 1
B 29 236 2
B 29 239 1
B 29 243 2
B 29 244 1
B 29 253 1
B 29 257 1
B 29 276 1
B 29 287 1
B 29 292 1
B 29 299 1
B 29 303 1
B 29 312 1
B 29 315 1
B 29 318 1
B 29 323 1
B 29 325 1
B 29 331 2
B 29 343 1
B 29 349 1
B 29 353 1
B 29 355 2
B 29 357 1
B 29 363 1
B 29 392 2
B 29 396 1
B 29 400 1
B 29 403 2
B 29 429 1
B 29 433 1
B 29 448 1
B 29 449 2
B 29 454 1
B 29 463 1
B 29 465 1
B 29 466 1
B 29 470 1
B 29 474 2
B 29 477 2
B 29 505 1
B 29 514 1
B 29 516 1
P 30 0.020
B 30 7 2
B 30 10 1
B 30 18 1
B 30 22 1
B 30 52 1
B 30 53 1
B 30 54 1
B 30 55 2
B 30 61 2
B 30 62 2
B 30 72 1
B 30 76 2
B 30 79 1
B 30 83 2
B 30 85 1
B 30 86 1
B 30 89 1
B 30 93 1
B 30 98 1
B 30 108 1
B 30 123 1
B 30 126 1
B 30 128 1
B 30 155 1
B 30 156 1
B 30 159 2
B 30 160 2
B 30 193 1
B 30 197 1
B 30 208 1
B 30 213 1
B 30 219 2
B 30 221 1
B 30 247 1
B 30 248 2
B 30 250 1
B 30 252 1
B 30 258 1
B 30 261 1
B 30 262 2
B 30 273 1
B 30 278 2
B 30 279 1
B 30 297 1
B 30 302 1
B 30 303 1
B 30 309 1
B 30 323 1
B 30 341 1
B 30 345 1
B 30 352 1
B 30 364 1
B 30 370 1
B 30 371 1
B 30 378 2
B 30 380 1
B 30 404 1
B 30 410 1
B 30 414 1
B 30 426 1
B 30 438 3
B 30 440 2
B 30 449 1
B 30 478 1
B 30 481 3
B 30 483 1
B 30 489 2
B 30 500 2
B 30 501 1
B 30 530 1
B 30 541 2
P 31 0.020
B 31 33 1
B 31 38 3
B 31 41 2
B 31 46 1
B 31 49 1
B 31 53 1
B 31 60 1
B 31 64 2
B 31 70 1
B 31 71 2
B 31 75 1
B 31 76 4
B 31 78 1
B 31 84 1
B 31 90 1
B 31 93 1
B 31 99 1
B 31 100 1
B 31 106 1
B 31 121 1
B 31 125 4
B 31 126 2
B 31 129 1
B 31 142 1
B 31 150 2
B 31 156 1
B 31 158 1
B 31 159 1
B 31 161 1
B 31 175 2
B 31 176 2
B 31 178 2
B 31 183 1
B 31 186 1
B 31 188 2
B 31 195 1
B 31 197 1
B 31 198 1
B 31 202 1
B 31 205 1
B 31 217 1
B 31 218 2
B 31 219 1
B 31 234 2
B 31 235 1
B 31 247 1
B 31 250 1
B 31 254 1
B 31 256 1
B 31 270 1
B 31 272 1
B 31 275 1
B 31 278 1
B 31 283 1
B 31 284 3
B 31 294 1
B 31 296 1
B 31 306 1
B 31 313 1
B 31 315 1
B 31 325 2
B 31 333 1
B 31 339 1
B 31 355 1
B 31 358 2
B 31 359 2
B 31 400 1
B 31 417 2
B 31 418 1
B 31 439 1
B 31 453 1
B 31 454 1
B 31 464 2
B 31 474 1
B 31 501 1
B 31 503 1
B 31 505 1
B 31 506 1
B 31 513 1
B 31 518 1
B 31 524 1
B 31 545 1
P 32 0.020
B 32 41 1
B 32 45 1
B 32 51 1
B 32 54 1
B 32 60 1
B 32 73 1
B 32 77 2
B 32 78 1
B 32 85 1
B 32 97 1
B 32 100 2
B 32 109 1
B 32 111 2
B 32 114 1
B 32 126 1
B 32 127 1
B 32 129 1
B 32 131 1
B 32 132 1
B 32 155 1
B 32 156 1
B 32 160 1
B 32 171 1
B 32 179 1
B 32 183 1
B 32 188 2
B 32 194 1
B 32 195 1
B 32 197 1
B 32 198 1
B 32 199 1
B 32 202 2
B 32 204 1
B 32 207 2
B 32 212 1
B 32 224 1
B 32 234 1
B 32 241 1
B 32 250 2
B 32 253 1
B 32 262 1
B 32 277 1
B 32 283 1
B 32 284 1
B 32 288 2
B 32 292 1
B 32 294 1
B 32 322 1
B 32 333 1
B 32 345 1
B 32 373 1
B 32 405 1
B 32 406 2
B 32 434 1
B 32 438 1
B 32 450 1
B 32 457 1
B 32 480 2
B 32 484 1
B 32 497 1
B 32 502 1
B 32 514 2
B 32 528 1
P 33 0.020
B 33 21 2
B 33 27 1
B 33 38 1
B 33 41 1
B 33 44 1
B 33 50 1
B 33 52 1
B 33 53 1
B 33 56 1
B 33 60 3
B 33 72 1
B 33 73 1
B 33 79 1
B 33 83 1
B 33 86 1
B 33 87 1
B 33 105 1
B 33 109 1
B 33 119 2
B 33 123 1
B 33 130 1
B 33 131 1
B 33 132 1
B 33 134 1
B 33 139 1
B 33 151 2
B 33 156 1
B 33 158 1
B 33 159 2
B 33 160 1
B 33 167 1
B 33 176 2
B 33 177 1
B 33 178 1
B 33 181 1
B 33 182 1
B 33 183 1
B 33 190 1
B 33 191 1
B 33 198 1
B 33 205 1
B 33 207 1
B 33 210 1
B 33 212 1
B 33 219 1
B 33 227 2
B 33 234 2
B 33 238 1
B 33 239 2
B 33 243 1
B 33 245 1
B 33 246 1
B 33 255 1
B 33 258 1
B 33 260 1
B 33 262 1
B 33 284 2
B 33 292 1
B 33 310 2
B 33 313 1
B 33 321 1
B 33 326 1
B 33 339 2
B 33 347 1
B 33 350 1
B 33 361 1
B 33 380 1
B 33 388 1
B 33 400 1
B 33 403 1
B 33 408 1
B 33 409 2
B 33 411 1
B 33 412 1
B 33 417 2
B 33 454 1
B 33 462 1
B 33 463 2
B 33 484 1
B 33 492 1
B 33 495 1
B 33 500 1
B 33 533 1
P 34 0.020
B 34 16 1
B 34 18 1
B 34 21 1
B 34 22 1
B 34 38 1
B 34 54 2
B 34 85 1
B 34 90 2
B 34 100 1
B 34 104 1
B 34 125 1
B 34 136 2
B 34 137 2
B 34 142 1
B 34 153 1
B 34 154 1
B 34 156 1
B 34 158 3
B 34 160 2
B 34 173 1
B 34 188 1
B 34 191 1
B 34 195 1
B 34 197 1
B 34 203 1
B 34 204 2
B 34 205 2
B 34 208 1
B 34 215 1
B 34 218 1
B 34 233 2
B 34 234 1
B 34 236 1
B 34 239 1
B 34 246 2
B 34 247 1
B 34 249 1
B 34 251 1
B 34 253 1
B 34 255 2
B 34 258 2
B 34 259 1
B 34 277 1
B 34 279 1
B 34 311 2
B 34 314 1
B 34 318 1
B 34 325 1
B 34 326 1
B 34 327 1
B 34 336 1
B 34 349 1
B 34 359 1
B 34 383 1
B 34 403 3
B 34 414 1
B 34 417 1
B 34 418 3
B 34 424 1
B 34 444 1
B 34 454 1
B 34 472 1
B 34 482 1
B 34 485 1
B 34 495 1
B 34 526 1
B 34 528 2
P 35 0.020
B 35 17 1
B 35 42 1
B 35 49 2
B 35 50 3
B 35 52 1
B 35 55 1
B 35 60 1
B 35 61 1
B 35 62 2
B 35 68 1
B 35 69 1
B 35 73 2
B 35 79 1
B 35 80 1
B 35 86 1
B 35 98 1
B 35 101 1
B 35 108 1
B 35 109 1
B 35 121 1
B 35 133 3
B 35 152 1
B 35 187 1
B 35 188 1
B 35 192 1
B 35 195 1
B 35 197 1
B 35 203 1
B 35 204 1
B 35 205 2
B 35 206 1
B 35 216 1
B 35 217 1
B 35 221 2
B 35 222 1
B 35 223 1
B 35 224 1
B 35 229 3
B 35 231 1
B 35 237 1
B 35 242 1
B 35 243 1
B 35 254 2
B 35 269 1
B 35 271 1
B 35 277 1
B 35 278 2
B 35 280 1
B 35 286 1
B 35 303 2
B 35 312 1
B 35 350 1
B 35 356 1
B 35 357 1
B 35 359 1
B 35 360 2
B 35 361 1
B 35 367 1
B 35 387 1
B 35 391 1
B 35 392 1
B 35 430 1
B 35 434 1
B 35 450 1
B 35 460 1
B 35 476 1
B 35 478 1
B 35 501 1
B 35 504 1
P 36 0.020
B 36 5 1
B 36 7 1
B 36 22 2
B 36 24 2
B 36 38 2
B 36 42 2
B 36 70 1
B 36 77 1
B 36 78 1
B 36 83 1
B 36 85 1
B 36 92 1
B 36 98 1
B 36 101 1
B 36 105 1
B 36 106 1
B 36 114 3
B 36 124 1
B 36 135 1
B 36 136 1
B 36 139 1
B 36 144 1
B 36 157 1
B 36 160 1
B 36 174 1
B 36 176 3
B 36 188 1
B 36 190 1
B 36 191 2
B 36 193 3
B 36 195 1
B 36 197 2
B 36 199 1
B 36 202 1
B 36 211 2
B 36 218 2
B 36 224 1
B 36 227 1
B 36 237 1
B 36 241 2
B 36 245 1
B 36 246 1
B 36 250 1
B 36 252 1
B 36 256 2
B 36 259 1
B 36 272 1
B 36 286 1
B 36 288 1
B 36 290 3
B 36 294 1
B 36 295 1
B 36 296 1
B 36 299 1
B 36 309 1
B 36 314 1
B 36 318 2
B 36 321 1
B 36 322 1
B 36 325 1
B 36 352 1
B 36 371 1
B 36 382 2
B 36 389 1
B 36 392 1
B 36 403 1
B 36 409 2
B 36 419 2
B 36 438 2
B 36 455 1
B 36 457 1
B 36 460 1
B 36 485 1
B 36 502 1
B 36 518 2
B 36 541 1
P 37 0.020
B 37 6 1
B 37 8 1
B 37 17 1
B 37 27 1
B 37 29 1
B 37 35 1
B 37 39 1
B 37 43 1
B 37 44 3
B 37 45 1
B 37 49 1
B 37 51 1
B 37 62 1
B 37 64 3
B 37 69 1
B 37 70 2
B 37 75 2
B 37 76 1
B 37 77 2
B 37 83 1
B 37 84 3
B 37 85 1
B 37 87 1
B 37 92 2
B 37 110 3
B 37 114 2
B 37 121 1
B 37 126 3
B 37 127 1
B 37 128 2
B 37 130 1
B 37 131 1
B 37 136 1
B 37 137 3
B 37 150 1
B 37 160 1
B 37 163 2
B 37 171 1
B 37 174 1
B 37 176 1
B 37 178 1
B 37 179 1
B 37 183 1
B 37 195 2
B 37 196 1
B 37 198 2
B 37 201 1
B 37 220 1
B 37 222 2
B 37 224 1
B 37 227 2
B 37 241 2
B 37 243 2
B 37 245 2
B 37 258 1
B 37 263 1
B 37 268 2
B 37 277 1
B 37 279 1
B 37 283 1
B 37 288 3
B 37 294 1
B 37 308 2
B 37 310 2
B 37 314 2
B 37 315 1
B 37 318 1
B 37 319 1
B 37 344 2
B 37 348 1
B 37 349 1
B 37 352 1
B 37 366 1
B 37 379 1
B 37 389 1
B 37 392 1
B 37 396 2
B 37 408 1
B 37 420 2
B 37 438 1
B 37 440 1
B 37 447 1
B 37 450 1
B 37 469 1
B 37 476 1
B 37 494 1
B 37 502 2
B 37 518 1
P 38 0.020
B 38 22 1
B 38 24 1
B 38 27 1
B 38 28 1
B 38 46 1
B 38 50 3
B 38 52 1
B 38 55 1
B 38 64 2
B 38 68 1
B 38 69 1
B 38 71 1
B 38 72 1
B 38 76 1
B 38 81 1
B 38 90 1
B 38 103 2
B 38 104 1
B 38 119 1
B 38 123 1
B 38 131 1
B 38 152 3
B 38 153 1
B 38 157 1
B 38 174 1
B 38 181 2
B 38 185 2
B 38 191 1
B 38 192 1
B 38 194 2
B 38 197 1
B 38 200 1
B 38 202 1
B 38 203 1
B 38 204 3
B 38 207 2
B 38 229 1
B 38 234 1
B 38 236 2
B 38 246 1
B 38 258 1
B 38 261 1
B 38 272 3
B 38 275 1
B 38 294 1
B 38 300 1
B 38 305 1
B 38 311 1
B 38 315 1
B 38 317 1
B 38 330 1
B 38 341 1
B 38 346 1
B 38 352 1
B 38 353 1
B 38 361 2
B 38 371 1
B 38 372 1
B 38 378 1
B 38 387 1
B 38 389 2
B 38 403 1
B 38 407 1
B 38 413 1
B 38 414 1
B 38 470 1
B 38 472 1
B 38 473 2
B 38 474 1
B 38 483 1
B 38 485 2
B 38 501 1
B 38 521 1
B 38 525 1
B 38 530 1
B 38 541 1
P 39 0.020
B 39 17 2
B 39 29 1
B 39 50 1
B 39 53 1
B 39 55 1
B 39 60 1
B 39 61 1
B 39 75 1
B 39 76 1
B 39 77 2
B 39 81 2
B 39 97 1
B 39 101 1
B 39 116 1
B 39 125 1
B 39 127 2
B 39 129 1
B 39 130 1
B 39 140 1
B 39 144 2
B 39 152 1
B 39 153 1
B 39 159 1
B 39 160 1
B 39 177 1
B 39 181 1
B 39 190 2
B 39 194 1
B 39 198 3
B 39 208 1
B 39 212 2
B 39 217 2
B 39 218 1
B 39 240 1
B 39 244 1
B 39 254 1
B 39 259 2
B 39 261 1
B 39 264 1
B 39 278 2
B 39 286 1
B 39 293 1
B 39 331 1
B 39 343 2
B 39 353 1
B 39 385 1
B 39 388 2
B 39 389 1
B 39 392 1
B 39 400 1
B 39 420 1
B 39 428 1
B 39 438 1
B 39 440 1
B 39 451 2
B 39 457 1
B 39 470 1
B 39 480 1
B 39 483 1
B 39 487 1
B 39 522 1
P 40 0.020
B 40 5 1
B 40 22 1
B 40 27 1
B 40 45 1
B 40 48 1
B 40 52 1
B 40 60 1
B 40 72 1
B 40 73 2
B 40 76 3
B 40 81 2
B 40 82 1
B 40 89 2
B 40 93 1
B 40 100 2
B 40 102 1
B 40 119 1
B 40 127 1
B 40 151 1
B 40 158 1
B 40 160 1
B 40 175 1
B 40 177 1
B 40 178 1
B 40 186 1
B 40 188 1
B 40 197 3
B 40 202 1
B 40 204 2
B 40 207 1
B 40 211 2
B 40 219 1
B 40 221 2
B 40 223 1
B 40 239 1
B 40 241 1
B 40 243 1
B 40 254 1
B 40 255 1
B 40 262 2
B 40 275 1
B 40 276 1
B 40 287 2
B 40 292 1
B 40 298 1
B 40 331 2
B 40 344 1
B 40 361 1
B 40 364 1
B 40 365 1
B 40 371 2
B 40 373 1
B 40 384 1
B 40 400 2
B 40 404 1
B 40 411 2
B 40 416 1
B 40 422 1
B 40 445 1
B 40 450 2
B 40 461 2
B 40 493 1
B 40 494 1
B 40 516 1
P 41 0.020
B 41 5 1
B 41 8 1
B 41 11 2
B 41 32 1
B 41 41 1
B 41 42 1
B 41 53 2
B 41 62 2
B 41 67 1
B 41 68 1
B 41 69 1
B 41 70 1
B 41 72 1
B 41 76 2
B 41 80 2
B 41 83 2
B 41 90 1
B 41 111 1
B 41 130 1
B 41 135 2
B 41 136 1
B 41 148 1
B 41 149 2
B 41 155 1
B 41 176 1
B 41 177 1
B 41 199 1
B 41 206 1
B 41 218 1
B 41 224 1
B 41 230 2
B 41 234 1
B 41 239 2
B 41 253 3
B 41 259 2
B 41 268 1
B 41 272 1
B 41 282 2
B 41 288 1
B 41 308 2
B 41 309 1
B 41 311 1
B 41 312 1
B 41 337 2
B 41 341 1
B 41 345 1
B 41 378 1
B 41 388 1
B 41 406 1
B 41 417 1
B 41 419 1
B 41 427 1
B 41 454 1
B 41 470 2
B 41 493 1
B 41 502 1
B 41 541 1
P 42 0.020
B 42 7 2
B 42 17 1
B 42 18 1
B 42 20 1
B 42 27 1
B 42 38 1
B 42 43 1
B 42 45 3
B 42 46 1
B 42 61 2
B 42 64 1
B 42 69 1
B 42 72 1
B 42 76 2
B 42 78 2
B 42 81 1
B 42 83 1
B 42 87 1
B 42 92 1
B 42 96 1
B 42 101 2
B 42 109 1
B 42 110 1
B 42 119 1
B 42 124 1
B 42 126 1
B 42 127 2
B 42 129 1
B 42 130 1
B 42 135 2
B 42 137 1
B 42 142 1
B 42 152 1
B 42 157 1
B 42 160 2
B 42 177 1
B 42 186 2
B 42 189 1
B 42 194 1
B 42 202 1
B 42 205 1
B 42 206 1
B 42 207 1
B 42 212 2
B 42 214 1
B 42 228 1
B 42 237 1
B 42 251 2
B 42 260 2
B 42 262 1
B 42 268 1
B 42 276 1
B 42 287 2
B 42 294 2
B 42 309 1
B 42 313 1
B 42 317 1
B 42 319 2
B 42 321 1
B 42 326 1
B 42 350 1
B 42 385 2
B 42 404 1
B 42 407 1
B 42 409 1
B 42 421 1
B 42 438 4
B 42 445 2
B 42 450 1
B 42 451 1
B 42 454 2
B 42 457 1
B 42 476 2
B 42 481 2
B 42 485 2
B 42 493 1
B 42 517 1
B 42 533 1
P 43 0.020
B 43 7 1
B 43 41 1
B 43 43 1
B 43 47 1
B 43 48 1
B 43 52 1
B 43 53 1
B 43 64 1
B 43 65 1
B 43 75 2
B 43 78 1
B 43 84 1
B 43 90 1
B 43 104 1
B 43 108 1
B 43 113 1
B 43 121 1
B 43 123 2
B 43 129 2
B 43 130 2
B 43 133 1
B 43 135 1
B 43 142 1
B 43 197 1
B 43 203 1
B 43 205 1
B 43 207 1
B 43 210 1
B 43 213 1
B 43 221 1
B 43 222 1
B 43 227 1
B 43 237 2
B 43 241 1
B 43 255 1
B 43 256 2
B 43 258 1
B 43 259 3
B 43 261 1
B 43 272 1
B 43 287 1
B 43 294 1
B 43 309 1
B 43 310 1
B 43 323 1
B 43 325 1
B 43 327 1
B 43 358 1
B 43 371 4
B 43 379 1
B 43 380 1
B 43 396 1
B 43 406 1
B 43 417 1
B 43 440 1
B 43 457 1
B 43 474 1
B 43 487 1
B 43 495 1
B 43 496 1
B 43 497 1
B 43 514 1
B 43 516 1
B 43 521 1
B 43 528 1
P 44 0.020
B 44 21 2
B 44 44 1
B 44 47 3
B 44 83 1
B 44 84 1
B 44 85 2
B 44 86 1
B 44 92 1
B 44 120 1
B 44 122 2
B 44 123 1
B 44 126 2
B 44 128 2
B 44 129 2
B 44 137 2
B 44 140 1
B 44 155 2
B 44 156 2
B 44 158 1
B 44 163 1
B 44 178 1
B 44 181 1
B 44 183 1
B 44 186 1
B 44 188 1
B 44 191 2
B 44 195 1
B 44 213 1
B 44 216 1
B 44 219 1
B 44 228 2
B 44 230 1
B 44 235 1
B 44 239 1
B 44 246 2
B 44 249 1
B 44 250 1
B 44 253 1
B 44 258 3
B 44 261 1
B 44 286 2
B 44 292 1
B 44 296 1
B 44 298 2
B 44 306 1
B 44 311 1
B 44 312 1
B 44 332 1
B 44 338 1
B 44 350 1
B 44 352 1
B 44 361 1
B 44 389 2
B 44 401 1
B 44 403 2
B 44 409 2
B 44 424 1
B 44 429 3
B 44 439 1
B 44 450 1
B 44 485 1
B 44 499 1
B 44 502 1
B 44 541 2
B 44 545 2
P 45 0.020
B 45 18 1
B 45 44 1
B 45 50 3
B 45 51 1
B 45 52 1
B 45 53 1
B 45 60 1
B 45 67 1
B 45 73 1
B 45 77 1
B 45 80 1
B 45 81 2
B 45 83 1
B 45 87 1
B 45 101 1
B 45 103 1
B 45 109 1
B 45 121 2
B 45 123 1
B 45 159 1
B 45 163 2
B 45 182 1
B 45 198 1
B 45 200 1
B 45 202 1
B 45 204 2
B 45 207 1
B 45 210 1
B 45 212 1
B 45 213 2
B 45 215 1
B 45 221 1
B 45 222 1
B 45 230 1
B 45 233 1
B 45 234 1
B 45 239 1
B 45 249 1
B 45 253 1
B 45 254 1
B 45 255 1
B 45 256 3
B 45 259 1
B 45 260 1
B 45 284 1
B 45 300 1
B 45 305 1
B 45 311 1
B 45 319 1
B 45 321 1
B 45 325 1
B 45 331 4
B 45 346 1
B 45 347 1
B 45 352 1
B 45 361 1
B 45 370 1
B 45 372 1
B 45 373 2
B 45 385 1
B 45 389 1
B 45 421 1
B 45 428 1
B 45 438 1
B 45 440 1
B 45 450 2
B 45 451 1
B 45 460 1
B 45 500 1
B 45 516 1
B 45 532 2
B 45 541 2
P 46 0.020
B 46 14 1
B 46 17 3
B 46 22 1
B 46 50 2
B 46 52 1
B 46 78 1
B 46 94 1
B 46 105 1
B 46 112 1
B 46 128 2
B 46 130 1
B 46 131 1
B 46 132 1
B 46 158 1
B 46 161 1
B 46 170 1
B 46 177 3
B 46 179 1
B 46 181 2
B 46 190 2
B 46 193 1
B 46 194 1
B 46 198 1
B 46 199 2
B 46 211 2
B 46 212 1
B 46 213 2
B 46 215 1
B 46 222 1
B 46 230 1
B 46 245 1
B 46 250 1
B 46 257 1
B 46 270 3
B 46 272 1
B 46 276 2
B 46 279 2
B 46 287 1
B 46 294 3
B 46 309 1
B 46 321 1
B 46 327 1
B 46 330 1
B 46 347 1
B 46 354 1
B 46 378 1
B 46 383 1
B 46 388 2
B 46 397 1
B 46 398 1
B 46 400 1
B 46 417 1
B 46 451 1
B 46 455 1
B 46 474 1
B 46 483 1
B 46 503 1
B 46 538 1
P 47 0.020
B 47 18 1
B 47 23 1
B 47 42 1
B 47 43 1
B 47 46 3
B 47 55 2
B 47 62 1
B 47 78 2
B 47 81 1
B 47 89 1
B 47 97 1
B 47 101 1
B 47 105 1
B 47 106 1
B 47 109 1
B 47 119 1
B 47 124 1
B 47 125 1
B 47 127 1
B 47 132 2
B 47 133 1
B 47 136 2
B 47 142 1
B 47 148 1
B 47 152 1
B 47 158 1
B 47 161 1
B 47 168 2
B 47 177 1
B 47 178 1
B 47 181 1
B 47 186 1
B 47 187 2
B 47 190 4
B 47 195 2
B 47 197 1
B 47 198 1
B 47 206 1
B 47 211 3
B 47 216 1
B 47 217 1
B 47 219 1
B 47 221 1
B 47 234 1
B 47 237 2
B 47 241 1
B 47 243 1
B 47 244 1
B 47 249 1
B 47 251 2
B 47 254 1
B 47 262 2
B 47 279 2
B 47 280 1
B 47 285 1
B 47 286 1
B 47 287 1
B 47 294 1
B 47 297 1
B 47 303 1
B 47 310 1
B 47 318 1
B 47 325 1
B 47 352 1
B 47 353 1
B 47 354 1
B 47 361 2
B 47 370 1
B 47 371 1
B 47 372 2
B 47 373 1
B 47 380 2
B 47 382 1
B 47 383 1
B 47 387 1
B 47 396 1
B 47 416 2
B 47 434 1
B 47 440 2
B 47 445 1
B 47 460 1
B 47 514 1
B 47 533 1
B 47 536 1
B 47 541 2
B 47 543 2
B 47 544 1
B 47 547 1
P 48 0.020
B 48 20 1
B 48 24 1
B 48 43 3
B 48 50 2
B 48 55 1
B 48 62 1
B 48 69 2
B 48 72 1
B 48 77 1
B 48 81 4
B 48 89 1
B 48 94 1
B 48 101 1
B 48 119 1
B 48 122 1
B 48 129 2
B 48 130 1
B 48 152 1
B 48 153 1
B 48 158 1
B 48 159 2
B 48 164 1
B 48 195 1
B 48 205 3
B 48 208 1
B 48 212 1
B 48 223 1
B 48 225 1
B 48 236 1
B 48 237 1
B 48 246 1
B 48 252 1
B 48 253 2
B 48 256 1
B 48 273 2
B 48 280 1
B 48 290 1
B 48 291 1
B 48 292 1
B 48 293 1
B 48 299 1
B 48 308 1
B 48 311 1
B 48 321 1
B 48 325 2
B 48 326 1
B 48 332 1
B 48 340 1
B 48 353 1
B 48 356 2
B 48 363 1
B 48 370 3
B 48 373 1
B 48 407 2
B 48 409 1
B 48 412 1
B 48 414 1
B 48 417 2
B 48 418 1
B 48 419 1
B 48 424 2
B 48 449 1
B 48 452 1
B 48 458 1
B 48 476 2
B 48 477 1
B 48 487 1
B 48 500 1
B 48 512 1
B 48 516 1
B 48 517 1
B 48 533 1
B 48 543 1
B 48 544 1
P 49 0.020
B 49 6 2
B 49 17 2
B 49 21 2
B 49 22 1
B 49 24 1
B 49 42 2
B 49 50 1
B 49 54 3
B 49 55 1
B 49 64 1
B 49 68 2
B 49 70 2
B 49 71 1
B 49 83 1
B 49 84 1
B 49 85 1
B 49 98 3
B 49 99 1
B 49 105 1
B 49 119 2
B 49 121 1
B 49 139 3
B 49 144 1
B 49 154 1
B 49 155 1
B 49 156 2
B 49 159 1
B 49 160 1
B 49 163 1
B 49 175 1
B 49 187 1
B 49 190 2
B 49 191 1
B 49 193 1
B 49 194 1
B 49 195 1
B 49 210 2
B 49 212 1
B 49 216 1
B 49 221 1
B 49 242 2
B 49 244 2
B 49 246 1
B 49 262 1
B 49 263 1
B 49 272 1
B 49 275 1
B 49 283 1
B 49 288 1
B 49 297 2
B 49 304 1
B 49 318 2
B 49 319 1
B 49 321 1
B 49 341 1
B 49 354 1
B 49 361 1
B 49 388 1
B 49 400 1
B 49 412 1
B 49 416 1
B 49 420 2
B 49 438 1
B 49 440 1
B 49 446 1
B 49 461 1
B 49 467 1
B 49 469 1
B 49 473 1
B 49 503 1
B 49 512 2
