50
P 0 0.020
B 0 5 1
B 0 7 1
B 0 8 1
B 0 17 2
B 0 22 1
B 0 26 1
B 0 27 1
B 0 29 1
B 0 36 1
B 0 43 1
B 0 50 1
B 0 53 2
B 0 54 1
B 0 55 1
B 0 57 5
B 0 61 1
B 0 67 1
B 0 69 1
B 0 72 1
B 0 74 1
B 0 76 1
B 0 84 3
B 0 85 3
B 0 89 1
B 0 92 1
B 0 98 1
B 0 124 1
B 0 126 2
B 0 133 2
B 0 137 2
B 0 163 2
B 0 177 2
B 0 181 1
B 0 186 1
B 0 187 1
B 0 190 1
B 0 192 1
B 0 197 2
B 0 200 2
B 0 202 1
B 0 205 1
B 0 209 1
B 0 210 3
B 0 211 1
B 0 213 2
B 0 215 2
B 0 217 2
B 0 218 2
B 0 221 1
B 0 222 1
B 0 224 2
B 0 229 3
B 0 234 2
B 0 235 1
B 0 236 3
B 0 239 1
B 0 240 1
B 0 244 1
B 0 247 2
B 0 254 1
B 0 256 1
B 0 258 1
B 0 272 2
B 0 276 1
B 0 277 2
B 0 278 2
B 0 284 1
B 0 286 1
B 0 290 1
B 0 293 1
B 0 294 2
B 0 300 1
B 0 305 1
B 0 318 2
B 0 323 3
B 0 324 2
B 0 325 1
B 0 327 1
B 0 332 1
B 0 361 1
B 0 364 1
B 0 371 1
B 0 388 1
B 0 391 1
B 0 411 1
B 0 420 1
B 0 441 1
B 0 446 1
B 0 450 2
B 0 464 1
B 0 470 1
B 0 473 2
B 0 481 1
B 0 482 1
B 0 516 1
B 0 521 1
P 1 0.020
B 1 5 1
B 1 8 4
B 1 18 2
B 1 24 2
B 1 33 2
B 1 34 1
B 1 36 2
B 1 42 1
B 1 47 2
B 1 50 2
B 1 53 2
B 1 55 1
B 1 58 1
B 1 61 2
B 1 62 1
B 1 67 1
B 1 69 1
B 1 70 1
B 1 72 1
B 1 76 2
B 1 79 1
B 1 85 1
B 1 86 1
B 1 91 1
B 1 114 1
B 1 119 1
B 1 124 1
B 1 126 1
B 1 131 1
B 1 133 2
B 1 136 2
B 1 153 2
B 1 156 1
B 1 160 1
B 1 177 1
B 1 183 1
B 1 185 1
B 1 190 1
B 1 194 1
B 1 195 1
B 1 198 1
B 1 207 1
B 1 212 2
B 1 214 2
B 1 227 1
B 1 229 2
B 1 230 1
B 1 239 2
B 1 241 1
B 1 242 1
B 1 247 1
B 1 249 1
B 1 250 1
B 1 258 1
B 1 263 2
B 1 270 1
B 1 279 2
B 1 288 2
B 1 303 1
B 1 312 1
B 1 315 1
B 1 317 1
B 1 318 4
B 1 326 1
B 1 333 1
B 1 360 2
B 1 361 1
B 1 363 2
B 1 372 1
B 1 373 1
B 1 383 1
B 1 389 1
B 1 401 2
B 1 410 1
B 1 414 1
B 1 418 2
B 1 420 1
B 1 422 1
B 1 427 2
B 1 435 1
B 1 437 2
B 1 443 1
B 1 447 2
B 1 451 2
B 1 460 1
B 1 465 1
B 1 473 1
B 1 482 1
B 1 487 1
B 1 493 1
B 1 521 1
B 1 527 1
B 1 536 1
B 1 541 1
P 2 0.020
B 2 7 1
B 2 9 1
B 2 15 1
B 2 17 3
B 2 22 1
B 2 27 1
B 2 29 1
B 2 33 2
B 2 41 1
B 2 42 3
B 2 43 1
B 2 46 1
B 2 49 1
B 2 55 1
B 2 57 1
B 2 60 3
B 2 62 1
B 2 64 2
B 2 69 3
B 2 74 1
B 2 75 1
B 2 79 3
B 2 82 2
B 2 83 2
B 2 84 1
B 2 94 1
B 2 98 2
B 2 101 1
B 2 104 1
B 2 106 1
B 2 119 4
B 2 122 1
B 2 131 1
B 2 132 1
B 2 136 1
B 2 143 1
B 2 144 1
B 2 146 1
B 2 148 1
B 2 153 2
B 2 156 1
B 2 157 1
B 2 159 1
B 2 160 2
B 2 163 2
B 2 168 1
B 2 170 1
B 2 175 1
B 2 179 1
B 2 184 1
B 2 188 1
B 2 191 2
B 2 195 2
B 2 197 2
B 2 202 1
B 2 203 1
B 2 210 1
B 2 211 1
B 2 213 1
B 2 215 1
B 2 216 2
B 2 219 1
B 2 220 1
B 2 230 1
B 2 234 1
B 2 243 2
B 2 252 1
B 2 258 2
B 2 261 1
B 2 262 2
B 2 268 1
B 2 269 1
B 2 272 1
B 2 275 1
B 2 283 1
B 2 286 1
B 2 303 1
B 2 313 1
B 2 315 1
B 2 320 1
B 2 322 1
B 2 323 2
B 2 327 1
B 2 332 2
B 2 360 1
B 2 380 1
B 2 408 1
B 2 416 1
B 2 420 2
B 2 423 1
B 2 429 2
B 2 438 1
B 2 442 1
B 2 452 1
B 2 455 1
B 2 470 1
B 2 472 1
B 2 482 1
B 2 484 1
B 2 494 1
B 2 502 1
B 2 541 1
B 2 547 1
P 3 0.020
B 3 1 1
B 3 5 1
B 3 18 2
B 3 24 1
B 3 28 1
B 3 38 1
B 3 42 2
B 3 43 2
B 3 45 1
B 3 47 1
B 3 56 1
B 3 60 1
B 3 70 1
B 3 74 1
B 3 75 1
B 3 76 2
B 3 82 1
B 3 84 1
B 3 91 1
B 3 94 1
B 3 100 1
B 3 103 2
B 3 105 1
B 3 119 2
B 3 122 1
B 3 124 1
B 3 127 1
B 3 129 1
B 3 136 2
B 3 148 1
B 3 153 1
B 3 155 3
B 3 156 1
B 3 158 4
B 3 159 1
B 3 163 1
B 3 168 2
B 3 183 1
B 3 192 1
B 3 197 1
B 3 198 1
B 3 202 2
B 3 204 2
B 3 208 1
B 3 214 1
B 3 217 1
B 3 218 1
B 3 227 1
B 3 228 2
B 3 239 2
B 3 244 1
B 3 245 1
B 3 246 2
B 3 249 2
B 3 251 1
B 3 254 2
B 3 258 1
B 3 265 1
B 3 275 2
B 3 285 1
B 3 288 1
B 3 290 1
B 3 292 1
B 3 296 2
B 3 297 2
B 3 301 1
B 3 305 1
B 3 315 1
B 3 319 2
B 3 325 1
B 3 341 2
B 3 347 1
B 3 350 1
B 3 355 2
B 3 359 1
B 3 366 1
B 3 371 1
B 3 372 2
B 3 378 1
B 3 382 1
B 3 386 1
B 3 389 1
B 3 400 1
B 3 403 2
B 3 404 1
B 3 428 1
B 3 438 1
B 3 450 1
B 3 451 2
B 3 460 1
B 3 461 1
B 3 470 1
B 3 473 1
B 3 475 1
B 3 476 1
B 3 487 1
B 3 500 2
B 3 507 1
B 3 512 3
B 3 545 1
B 3 547 2
P 4 0.020
B 4 5 1
B 4 6 1
B 4 7 1
B 4 18 1
B 4 22 1
B 4 42 1
B 4 44 1
B 4 45 1
B 4 47 1
B 4 52 2
B 4 53 1
B 4 54 1
B 4 55 1
B 4 56 1
B 4 57 1
B 4 58 1
B 4 68 1
B 4 70 1
B 4 72 1
B 4 73 1
B 4 77 1
B 4 80 2
B 4 82 1
B 4 84 1
B 4 85 1
B 4 90 1
B 4 101 1
B 4 104 2
B 4 114 1
B 4 119 1
B 4 121 1
B 4 129 1
B 4 130 1
B 4 131 2
B 4 132 2
B 4 137 1
B 4 148 2
B 4 158 1
B 4 188 1
B 4 191 1
B 4 192 1
B 4 193 1
B 4 194 3
B 4 195 3
B 4 196 1
B 4 203 2
B 4 206 1
B 4 215 2
B 4 217 1
B 4 218 1
B 4 219 3
B 4 222 1
B 4 225 2
B 4 228 1
B 4 234 1
B 4 238 2
B 4 242 1
B 4 243 1
B 4 249 1
B 4 258 2
B 4 278 1
B 4 280 1
B 4 284 1
B 4 290 1
B 4 294 3
B 4 301 1
B 4 304 1
B 4 309 1
B 4 315 1
B 4 317 1
B 4 321 1
B 4 325 2
B 4 358 2
B 4 359 1
B 4 361 1
B 4 373 2
B 4 379 1
B 4 404 1
B 4 407 1
B 4 409 2
B 4 414 1
B 4 417 1
B 4 418 1
B 4 420 1
B 4 423 1
B 4 429 1
B 4 442 1
B 4 451 1
B 4 464 1
B 4 478 1
B 4 487 2
B 4 495 1
B 4 500 1
B 4 503 1
B 4 511 1
B 4 525 1
P 5 0.020
B 5 8 1
B 5 37 1
B 5 43 1
B 5 51 2
B 5 60 2
B 5 61 2
B 5 62 2
B 5 71 1
B 5 76 1
B 5 85 3
B 5 103 1
B 5 105 1
B 5 114 1
B 5 116 1
B 5 123 1
B 5 128 1
B 5 131 1
B 5 132 1
B 5 135 1
B 5 137 1
B 5 146 1
B 5 148 1
B 5 153 3
B 5 159 4
B 5 160 1
B 5 163 1
B 5 169 1
B 5 181 1
B 5 188 2
B 5 192 1
B 5 193 2
B 5 200 1
B 5 212 4
B 5 216 1
B 5 217 2
B 5 219 1
B 5 220 1
B 5 222 1
B 5 226 1
B 5 227 1
B 5 234 2
B 5 245 1
B 5 250 2
B 5 256 1
B 5 258 1
B 5 265 1
B 5 277 1
B 5 278 2
B 5 281 2
B 5 286 1
B 5 288 1
B 5 289 1
B 5 292 1
B 5 297 1
B 5 306 1
B 5 309 1
B 5 314 1
B 5 318 1
B 5 321 1
B 5 323 2
B 5 329 1
B 5 331 1
B 5 343 1
B 5 348 2
B 5 359 1
B 5 362 2
B 5 366 2
B 5 370 1
B 5 374 1
B 5 383 1
B 5 392 1
B 5 399 1
B 5 404 1
B 5 406 1
B 5 413 1
B 5 414 1
B 5 417 2
B 5 437 1
B 5 465 2
B 5 466 1
B 5 470 1
B 5 478 2
B 5 500 1
B 5 508 1
B 5 518 1
B 5 521 1
B 5 541 1
P 6 0.020
B 6 10 1
B 6 22 1
B 6 24 1
B 6 26 1
B 6 29 1
B 6 38 1
B 6 56 2
B 6 60 1
B 6 65 1
B 6 73 2
B 6 75 2
B 6 78 1
B 6 82 1
B 6 84 3
B 6 85 1
B 6 86 2
B 6 92 1
B 6 103 1
B 6 104 1
B 6 121 1
B 6 124 1
B 6 127 4
B 6 136 1
B 6 137 1
B 6 139 1
B 6 142 2
B 6 144 2
B 6 151 1
B 6 153 1
B 6 161 2
B 6 162 3
B 6 163 2
B 6 166 1
B 6 177 1
B 6 178 1
B 6 179 2
B 6 182 2
B 6 191 1
B 6 192 1
B 6 193 1
B 6 194 3
B 6 197 1
B 6 198 1
B 6 202 1
B 6 203 1
B 6 205 3
B 6 208 1
B 6 210 1
B 6 211 2
B 6 213 1
B 6 214 1
B 6 215 1
B 6 222 3
B 6 239 2
B 6 246 1
B 6 249 1
B 6 253 3
B 6 261 1
B 6 276 1
B 6 291 2
B 6 301 1
B 6 306 1
B 6 353 1
B 6 361 1
B 6 365 1
B 6 389 1
B 6 392 1
B 6 400 1
B 6 413 1
B 6 424 1
B 6 428 1
B 6 438 1
B 6 440 1
B 6 449 1
B 6 460 2
B 6 462 1
B 6 474 1
B 6 477 1
B 6 482 1
B 6 500 1
B 6 514 1
B 6 521 1
B 6 543 1
P 7 0.020
B 7 18 1
B 7 24 1
B 7 25 1
B 7 29 1
B 7 52 1
B 7 54 2
B 7 61 2
B 7 68 1
B 7 71 1
B 7 72 2
B 7 73 2
B 7 76 1
B 7 77 1
B 7 78 1
B 7 80 1
B 7 81 2
B 7 83 2
B 7 88 1
B 7 91 1
B 7 100 1
B 7 106 1
B 7 114 1
B 7 120 2
B 7 132 1
B 7 133 1
B 7 138 1
B 7 142 2
B 7 148 1
B 7 161 1
B 7 172 1
B 7 175 1
B 7 177 1
B 7 179 2
B 7 183 3
B 7 185 1
B 7 197 2
B 7 199 1
B 7 200 3
B 7 203 1
B 7 205 1
B 7 224 1
B 7 227 1
B 7 228 1
B 7 239 2
B 7 240 1
B 7 252 1
B 7 253 1
B 7 255 1
B 7 256 1
B 7 259 1
B 7 261 1
B 7 268 1
B 7 275 1
B 7 278 2
B 7 279 3
B 7 294 1
B 7 297 1
B 7 298 2
B 7 299 1
B 7 303 2
B 7 310 1
B 7 313 1
B 7 314 1
B 7 315 1
B 7 325 1
B 7 328 2
B 7 329 1
B 7 341 2
B 7 352 2
B 7 355 1
B 7 375 1
B 7 378 1
B 7 385 1
B 7 406 1
B 7 409 1
B 7 417 1
B 7 418 1
B 7 423 1
B 7 424 1
B 7 440 2
B 7 442 1
B 7 447 1
B 7 466 1
B 7 487 1
B 7 497 1
B 7 501 2
B 7 505 1
B 7 506 1
B 7 521 1
B 7 522 1
B 7 528 1
P 8 0.020
B 8 24 1
B 8 27 2
B 8 49 1
B 8 50 1
B 8 55 1
B 8 60 1
B 8 69 1
B 8 70 1
B 8 72 1
B 8 75 1
B 8 76 3
B 8 78 1
B 8 81 1
B 8 82 1
B 8 85 1
B 8 91 1
B 8 114 1
B 8 119 1
B 8 121 2
B 8 129 1
B 8 130 1
B 8 136 1
B 8 137 1
B 8 140 2
B 8 158 1
B 8 166 1
B 8 175 3
B 8 179 1
B 8 181 1
B 8 188 2
B 8 192 1
B 8 193 1
B 8 195 1
B 8 197 1
B 8 203 1
B 8 205 1
B 8 210 1
B 8 211 1
B 8 215 1
B 8 228 1
B 8 244 1
B 8 254 1
B 8 258 1
B 8 268 1
B 8 270 2
B 8 273 2
B 8 276 2
B 8 277 1
B 8 280 2
B 8 288 1
B 8 290 1
B 8 292 2
B 8 298 1
B 8 300 1
B 8 314 2
B 8 344 1
B 8 360 1
B 8 362 1
B 8 366 1
B 8 370 1
B 8 372 1
B 8 384 1
B 8 399 1
B 8 417 2
B 8 426 1
B 8 440 1
B 8 445 1
B 8 460 1
B 8 475 1
B 8 482 2
B 8 507 1
B 8 529 1
P 9 0.020
B 9 24 1
B 9 27 1
B 9 32 1
B 9 38 1
B 9 43 2
B 9 48 1
B 9 57 1
B 9 61 1
B 9 70 2
B 9 72 2
B 9 78 2
B 9 79 1
B 9 89 1
B 9 90 2
B 9 97 1
B 9 119 2
B 9 126 1
B 9 130 1
B 9 137 2
B 9 154 1
B 9 155 3
B 9 156 1
B 9 158 2
B 9 160 2
B 9 174 1
B 9 181 2
B 9 183 1
B 9 186 1
B 9 187 2
B 9 192 1
B 9 197 1
B 9 201 1
B 9 206 1
B 9 207 3
B 9 214 1
B 9 223 2
B 9 226 1
B 9 241 1
B 9 244 1
B 9 246 1
B 9 249 2
B 9 250 1
B 9 285 1
B 9 293 3
B 9 297 1
B 9 313 1
B 9 314 2
B 9 315 1
B 9 319 1
B 9 324 1
B 9 325 2
B 9 328 1
B 9 341 1
B 9 373 1
B 9 389 1
B 9 394 1
B 9 405 1
B 9 440 1
B 9 450 1
B 9 451 1
B 9 458 1
B 9 460 2
B 9 461 1
B 9 475 1
B 9 477 1
B 9 496 1
B 9 510 2
B 9 529 1
P 10 0.020
B 10 5 2
B 10 7 1
B 10 21 1
B 10 22 1
B 10 32 1
B 10 38 2
B 10 41 2
B 10 42 2
B 10 43 1
B 10 46 1
B 10 51 1
B 10 57 1
B 10 60 1
B 10 73 3
B 10 81 1
B 10 84 1
B 10 86 2
B 10 87 1
B 10 89 1
B 10 101 2
B 10 104 2
B 10 105 3
B 10 114 1
B 10 121 2
B 10 123 2
B 10 125 1
B 10 130 1
B 10 132 1
B 10 139 2
B 10 144 1
B 10 152 1
B 10 155 2
B 10 162 1
B 10 178 1
B 10 179 3
B 10 181 2
B 10 185 2
B 10 186 1
B 10 187 1
B 10 188 1
B 10 192 1
B 10 195 1
B 10 201 1
B 10 210 1
B 10 213 1
B 10 215 1
B 10 216 1
B 10 218 1
B 10 227 1
B 10 230 1
B 10 234 2
B 10 237 1
B 10 243 1
B 10 244 2
B 10 246 1
B 10 247 1
B 10 249 1
B 10 251 1
B 10 253 1
B 10 254 1
B 10 255 1
B 10 257 1
B 10 258 1
B 10 260 1
B 10 266 2
B 10 268 1
B 10 276 1
B 10 277 1
B 10 279 1
B 10 286 1
B 10 292 1
B 10 298 1
B 10 309 1
B 10 310 2
B 10 315 1
B 10 341 1
B 10 372 2
B 10 390 2
B 10 403 1
B 10 409 1
B 10 414 1
B 10 428 1
B 10 450 2
B 10 453 2
B 10 454 1
B 10 471 1
B 10 475 1
B 10 477 1
B 10 512 1
B 10 518 1
B 10 523 1
B 10 541 2
P 11 0.020
B 11 18 1
B 11 21 2
B 11 27 1
B 11 28 2
B 11 29 2
B 11 38 2
B 11 54 1
B 11 60 1
B 11 64 2
B 11 67 2
B 11 70 1
B 11 71 1
B 11 74 2
B 11 76 1
B 11 84 2
B 11 85 1
B 11 90 2
B 11 98 1
B 11 131 1
B 11 132 1
B 11 136 1
B 11 137 1
B 11 144 1
B 11 148 1
B 11 152 1
B 11 155 1
B 11 161 1
B 11 162 1
B 11 163 1
B 11 177 1
B 11 181 1
B 11 184 1
B 11 186 1
B 11 187 1
B 11 188 1
B 11 190 1
B 11 191 1
B 11 192 2
B 11 194 2
B 11 197 2
B 11 202 1
B 11 204 1
B 11 207 2
B 11 210 2
B 11 213 1
B 11 215 1
B 11 218 1
B 11 222 1
B 11 223 1
B 11 227 2
B 11 236 1
B 11 239 2
B 11 247 1
B 11 251 1
B 11 253 1
B 11 256 1
B 11 258 1
B 11 266 1
B 11 276 1
B 11 292 1
B 11 294 1
B 11 304 1
B 11 308 2
B 11 314 1
B 11 316 1
B 11 322 1
B 11 333 1
B 11 340 1
B 11 353 1
B 11 359 1
B 11 361 1
B 11 373 2
B 11 405 2
B 11 408 1
B 11 417 2
B 11 420 2
B 11 438 1
B 11 448 1
B 11 464 1
B 11 470 1
B 11 473 1
B 11 494 1
B 11 496 1
B 11 500 1
B 11 516 1
B 11 521 3
B 11 525 1
B 11 527 1
B 11 535 1
P 12 0.020
B 12 8 1
B 12 21 1
B 12 22 2
B 12 24 1
B 12 27 1
B 12 29 2
B 12 34 1
B 12 45 1
B 12 46 1
B 12 50 2
B 12 53 2
B 12 54 1
B 12 55 1
B 12 56 2
B 12 60 1
B 12 62 2
B 12 69 1
B 12 77 1
B 12 78 1
B 12 83 2
B 12 87 2
B 12 92 1
B 12 98 1
B 12 100 2
B 12 119 1
B 12 122 1
B 12 126 1
B 12 128 1
B 12 129 2
B 12 130 2
B 12 133 1
B 12 137 1
B 12 142 1
B 12 153 2
B 12 158 1
B 12 159 1
B 12 161 1
B 12 179 1
B 12 183 1
B 12 190 1
B 12 191 2
B 12 193 3
B 12 198 3
B 12 199 1
B 12 201 1
B 12 203 1
B 12 205 1
B 12 210 1
B 12 211 1
B 12 221 1
B 12 222 1
B 12 223 1
B 12 224 1
B 12 236 1
B 12 242 1
B 12 248 1
B 12 252 2
B 12 256 2
B 12 258 3
B 12 278 1
B 12 280 2
B 12 283 1
B 12 285 2
B 12 289 2
B 12 294 1
B 12 306 2
B 12 307 1
B 12 309 1
B 12 311 1
B 12 320 1
B 12 326 1
B 12 338 1
B 12 344 1
B 12 366 1
B 12 371 1
B 12 380 1
B 12 381 1
B 12 384 1
B 12 400 2
B 12 403 1
B 12 408 1
B 12 440 1
B 12 445 1
B 12 452 1
B 12 455 2
B 12 473 2
B 12 475 2
B 12 482 1
B 12 483 2
B 12 501 1
B 12 503 1
B 12 508 1
B 12 522 1
B 12 535 2
B 12 539 1
P 13 0.020
B 13 7 1
B 13 16 1
B 13 17 1
B 13 22 1
B 13 27 1
B 13 32 1
B 13 41 2
B 13 64 2
B 13 67 1
B 13 68 1
B 13 72 1
B 13 73 1
B 13 76 2
B 13 80 1
B 13 81 1
B 13 82 1
B 13 85 2
B 13 90 3
B 13 98 1
B 13 100 3
B 13 106 1
B 13 115 1
B 13 118 1
B 13 122 1
B 13 127 1
B 13 131 1
B 13 132 1
B 13 152 1
B 13 155 1
B 13 158 2
B 13 160 1
B 13 166 1
B 13 183 1
B 13 184 1
B 13 190 2
B 13 191 1
B 13 194 1
B 13 195 1
B 13 199 1
B 13 204 1
B 13 207 2
B 13 211 2
B 13 217 1
B 13 224 1
B 13 229 1
B 13 234 1
B 13 244 1
B 13 246 1
B 13 247 1
B 13 251 1
B 13 266 1
B 13 269 2
B 13 272 1
B 13 277 1
B 13 286 2
B 13 294 1
B 13 299 1
B 13 305 1
B 13 308 1
B 13 311 1
B 13 314 1
B 13 315 2
B 13 319 1
B 13 337 1
B 13 346 2
B 13 350 1
B 13 358 2
B 13 360 1
B 13 361 2
B 13 386 1
B 13 387 1
B 13 389 1
B 13 403 1
B 13 407 1
B 13 409 1
B 13 411 3
B 13 414 1
B 13 417 1
B 13 440 1
B 13 465 1
B 13 473 1
B 13 474 1
B 13 504 1
P 14 0.020
B 14 3 2
B 14 9 2
B 14 18 1
B 14 22 1
B 14 24 1
B 14 26 1
B 14 28 3
B 14 44 1
B 14 45 1
B 14 50 1
B 14 56 1
B 14 60 1
B 14 61 3
B 14 62 1
B 14 67 1
B 14 68 1
B 14 72 1
B 14 73 1
B 14 75 1
B 14 76 1
B 14 80 1
B 14 83 1
B 14 85 1
B 14 91 1
B 14 101 2
B 14 109 1
B 14 117 1
B 14 122 1
B 14 123 1
B 14 125 1
B 14 126 1
B 14 128 2
B 14 129 2
B 14 130 1
B 14 136 1
B 14 137 1
B 14 142 1
B 14 154 1
B 14 158 1
B 14 159 2
B 14 160 2
B 14 161 2
B 14 178 1
B 14 179 1
B 14 186 1
B 14 187 1
B 14 191 1
B 14 193 1
B 14 194 1
B 14 205 1
B 14 207 1
B 14 212 1
B 14 215 1
B 14 219 1
B 14 242 1
B 14 243 1
B 14 245 2
B 14 260 1
B 14 261 1
B 14 264 2
B 14 266 1
B 14 277 1
B 14 278 1
B 14 279 2
B 14 283 2
B 14 294 1
B 14 301 2
B 14 305 3
B 14 318 1
B 14 319 1
B 14 326 2
B 14 327 1
B 14 329 1
B 14 337 1
B 14 345 1
B 14 348 1
B 14 361 1
B 14 377 1
B 14 379 1
B 14 384 2
B 14 401 1
B 14 403 1
B 14 409 2
B 14 412 1
B 14 417 1
B 14 421 1
B 14 422 1
B 14 425 2
B 14 440 2
B 14 457 1
B 14 483 1
B 14 500 1
B 14 516 1
B 14 525 1
B 14 533 1
P 15 0.020
B 15 14 1
B 15 22 1
B 15 34 1
B 15 36 1
B 15 38 1
B 15 41 1
B 15 52 1
B 15 53 1
B 15 55 1
B 15 60 1
B 15 61 2
B 15 67 1
B 15 71 1
B 15 73 1
B 15 75 2
B 15 81 1
B 15 83 1
B 15 91 1
B 15 119 3
B 15 122 3
B 15 126 1
B 15 131 1
B 15 132 1
B 15 133 1
B 15 135 1
B 15 142 1
B 15 154 1
B 15 155 2
B 15 159 1
B 15 160 1
B 15 163 2
B 15 179 2
B 15 180 1
B 15 190 1
B 15 192 2
B 15 197 1
B 15 203 1
B 15 205 1
B 15 213 1
B 15 214 1
B 15 216 1
B 15 217 1
B 15 218 1
B 15 224 1
B 15 227 1
B 15 243 2
B 15 244 1
B 15 270 2
B 15 272 1
B 15 277 1
B 15 279 1
B 15 299 1
B 15 313 1
B 15 343 1
B 15 359 1
B 15 366 1
B 15 370 1
B 15 378 2
B 15 379 1
B 15 388 3
B 15 400 1
B 15 405 2
B 15 407 2
B 15 414 2
B 15 429 1
B 15 438 1
B 15 440 2
B 15 487 1
B 15 501 1
B 15 530 1
B 15 539 1
B 15 547 1
P 16 0.020
B 16 5 1
B 16 6 1
B 16 8 1
B 16 21 1
B 16 27 1
B 16 37 1
B 16 38 2
B 16 54 2
B 16 55 1
B 16 72 1
B 16 81 1
B 16 83 3
B 16 85 2
B 16 93 2
B 16 98 1
B 16 103 2
B 16 121 1
B 16 124 1
B 16 130 1
B 16 131 2
B 16 135 2
B 16 153 3
B 16 156 2
B 16 159 1
B 16 164 1
B 16 177 1
B 16 181 1
B 16 183 1
B 16 186 1
B 16 190 1
B 16 192 1
B 16 198 2
B 16 205 1
B 16 210 1
B 16 211 1
B 16 217 1
B 16 219 1
B 16 221 2
B 16 224 1
B 16 228 1
B 16 229 1
B 16 234 1
B 16 239 1
B 16 240 1
B 16 241 1
B 16 244 1
B 16 248 1
B 16 255 2
B 16 256 4
B 16 258 2
B 16 261 2
B 16 265 1
B 16 276 2
B 16 293 1
B 16 294 1
B 16 297 1
B 16 299 1
B 16 303 1
B 16 305 1
B 16 311 1
B 16 314 1
B 16 315 1
B 16 341 2
B 16 349 1
B 16 353 1
B 16 355 3
B 16 405 1
B 16 417 1
B 16 467 1
B 16 473 1
B 16 483 1
B 16 494 1
B 16 500 1
B 16 525 1
B 16 529 1
B 16 538 1
B 16 541 1
B 16 545 1
P 17 0.020
B 17 1 1
B 17 20 1
B 17 41 1
B 17 46 1
B 17 47 1
B 17 49 1
B 17 52 1
B 17 57 2
B 17 68 1
B 17 72 1
B 17 73 1
B 17 80 1
B 17 84 3
B 17 90 1
B 17 97 1
B 17 98 1
B 17 99 1
B 17 106 2
B 17 108 1
B 17 119 1
B 17 123 1
B 17 124 1
B 17 126 1
B 17 127 1
B 17 128 1
B 17 132 2
B 17 137 3
B 17 144 1
B 17 148 1
B 17 156 1
B 17 174 1
B 17 177 2
B 17 193 1
B 17 195 2
B 17 196 3
B 17 198 1
B 17 199 2
B 17 205 2
B 17 212 1
B 17 214 1
B 17 215 1
B 17 216 2
B 17 227 1
B 17 234 1
B 17 246 1
B 17 259 1
B 17 263 1
B 17 277 2
B 17 280 2
B 17 283 2
B 17 297 1
B 17 308 1
B 17 317 1
B 17 319 2
B 17 327 2
B 17 328 1
B 17 348 1
B 17 370 2
B 17 373 1
B 17 375 1
B 17 394 1
B 17 405 1
B 17 409 2
B 17 434 1
B 17 438 1
B 17 455 1
B 17 460 1
B 17 462 1
B 17 472 2
B 17 481 2
B 17 495 1
B 17 501 2
B 17 512 1
B 17 516 1
B 17 521 1
B 17 538 1
B 17 543 1
P 18 0.020
B 18 7 1
B 18 10 1
B 18 27 1
B 18 38 1
B 18 43 1
B 18 76 1
B 18 77 1
B 18 80 1
B 18 83 1
B 18 85 2
B 18 87 1
B 18 88 1
B 18 99 2
B 18 114 2
B 18 119 1
B 18 121 1
B 18 123 1
B 18 125 1
B 18 130 1
B 18 131 1
B 18 133 1
B 18 136 2
B 18 154 1
B 18 161 1
B 18 162 1
B 18 165 1
B 18 179 3
B 18 182 1
B 18 186 1
B 18 196 1
B 18 197 1
B 18 199 2
B 18 200 1
B 18 201 2
B 18 205 1
B 18 206 1
B 18 212 1
B 18 213 3
B 18 215 1
B 18 219 2
B 18 221 2
B 18 222 1
B 18 229 1
B 18 239 2
B 18 243 1
B 18 251 1
B 18 262 1
B 18 277 1
B 18 279 1
B 18 282 1
B 18 305 1
B 18 318 1
B 18 319 1
B 18 341 1
B 18 350 2
B 18 377 1
B 18 394 1
B 18 423 1
B 18 427 1
B 18 438 1
B 18 451 1
B 18 455 3
B 18 460 1
B 18 468 1
B 18 470 1
B 18 476 2
B 18 496 1
B 18 502 1
B 18 510 1
B 18 515 1
B 18 521 1
B 18 525 1
B 18 526 1
B 18 541 1
P 19 0.020
B 19 16 1
B 19 17 1
B 19 29 1
B 19 34 1
B 19 39 1
B 19 44 1
B 19 45 2
B 19 46 2
B 19 53 1
B 19 60 1
B 19 62 3
B 19 69 1
B 19 71 1
B 19 74 2
B 19 76 1
B 19 78 1
B 19 79 1
B 19 81 1
B 19 83 1
B 19 87 1
B 19 92 2
B 19 104 1
B 19 108 1
B 19 114 2
B 19 119 1
B 19 123 1
B 19 129 1
B 19 130 2
B 19 132 1
B 19 133 1
B 19 141 1
B 19 148 1
B 19 160 1
B 19 174 1
B 19 178 3
B 19 183 4
B 19 186 1
B 19 187 1
B 19 190 1
B 19 193 1
B 19 194 1
B 19 195 1
B 19 196 1
B 19 199 1
B 19 201 2
B 19 202 1
B 19 204 2
B 19 209 1
B 19 212 2
B 19 214 1
B 19 215 1
B 19 219 1
B 19 226 3
B 19 240 2
B 19 241 1
B 19 242 2
B 19 243 1
B 19 244 2
B 19 251 1
B 19 254 1
B 19 255 1
B 19 258 1
B 19 282 1
B 19 290 1
B 19 301 1
B 19 303 2
B 19 308 1
B 19 313 2
B 19 318 1
B 19 319 1
B 19 322 1
B 19 331 1
B 19 343 1
B 19 346 2
B 19 361 1
B 19 366 1
B 19 368 1
B 19 397 2
B 19 400 2
B 19 416 1
B 19 428 3
B 19 429 1
B 19 455 2
B 19 476 1
B 19 482 1
B 19 493 1
B 19 497 1
B 19 523 1
P 20 0.020
B 20 5 1
B 20 10 1
B 20 22 1
B 20 24 4
B 20 27 1
B 20 41 1
B 20 42 1
B 20 46 1
B 20 47 1
B 20 55 1
B 20 61 3
B 20 62 2
B 20 71 1
B 20 75 1
B 20 76 1
B 20 78 1
B 20 90 2
B 20 96 1
B 20 103 1
B 20 105 1
B 20 106 1
B 20 108 1
B 20 111 2
B 20 125 1
B 20 131 1
B 20 135 2
B 20 136 1
B 20 144 2
B 20 157 1
B 20 158 2
B 20 160 1
B 20 178 3
B 20 190 1
B 20 192 2
B 20 205 2
B 20 216 1
B 20 218 1
B 20 221 2
B 20 222 1
B 20 224 1
B 20 227 1
B 20 228 2
B 20 232 1
B 20 241 3
B 20 250 1
B 20 262 1
B 20 275 1
B 20 283 1
B 20 288 1
B 20 290 1
B 20 292 1
B 20 294 1
B 20 297 1
B 20 302 1
B 20 303 1
B 20 311 1
B 20 313 1
B 20 316 1
B 20 318 1
B 20 324 1
B 20 343 3
B 20 345 1
B 20 346 1
B 20 359 1
B 20 362 1
B 20 366 1
B 20 378 1
B 20 388 1
B 20 393 1
B 20 401 1
B 20 404 1
B 20 405 1
B 20 408 1
B 20 417 1
B 20 429 1
B 20 431 1
B 20 442 1
B 20 456 1
B 20 457 1
B 20 460 1
B 20 462 2
B 20 465 1
B 20 469 2
B 20 470 1
B 20 478 3
B 20 501 1
B 20 520 2
B 20 530 1
B 20 541 1
P 21 0.020
B 21 3 2
B 21 5 1
B 21 12 1
B 21 17 1
B 21 18 3
B 21 22 1
B 21 24 1
B 21 28 1
B 21 42 1
B 21 43 1
B 21 44 1
B 21 49 1
B 21 50 2
B 21 57 1
B 21 60 1
B 21 61 1
B 21 65 1
B 21 76 3
B 21 78 1
B 21 81 1
B 21 83 2
B 21 84 2
B 21 85 1
B 21 94 1
B 21 106 1
B 21 119 2
B 21 121 1
B 21 122 2
B 21 123 1
B 21 128 1
B 21 129 1
B 21 133 2
B 21 148 1
B 21 153 1
B 21 154 2
B 21 159 1
B 21 160 1
B 21 161 1
B 21 177 1
B 21 179 1
B 21 183 1
B 21 187 1
B 21 188 1
B 21 191 3
B 21 192 1
B 21 193 2
B 21 194 2
B 21 197 2
B 21 202 1
B 21 203 1
B 21 210 1
B 21 211 1
B 21 214 1
B 21 221 2
B 21 224 1
B 21 226 1
B 21 227 1
B 21 234 1
B 21 236 1
B 21 237 1
B 21 240 1
B 21 241 2
B 21 242 2
B 21 246 2
B 21 258 2
B 21 264 3
B 21 275 3
B 21 280 1
B 21 294 1
B 21 306 1
B 21 321 1
B 21 332 1
B 21 343 1
B 21 349 1
B 21 359 1
B 21 363 2
B 21 366 1
B 21 373 1
B 21 382 1
B 21 384 1
B 21 400 1
B 21 403 1
B 21 405 1
B 21 409 1
B 21 414 1
B 21 417 1
B 21 419 1
B 21 445 1
B 21 450 2
B 21 451 1
B 21 460 2
B 21 490 2
B 21 496 2
B 21 536 2
P 22 0.020
B 22 9 1
B 22 11 1
B 22 17 1
B 22 18 1
B 22 27 2
B 22 30 1
B 22 32 1
B 22 47 2
B 22 54 2
B 22 72 1
B 22 73 1
B 22 77 1
B 22 78 1
B 22 81 2
B 22 82 1
B 22 85 1
B 22 91 1
B 22 101 2
B 22 114 1
B 22 119 2
B 22 121 1
B 22 122 1
B 22 123 3
B 22 124 1
B 22 129 1
B 22 130 1
B 22 131 1
B 22 136 1
B 22 139 1
B 22 142 1
B 22 146 1
B 22 150 1
B 22 153 1
B 22 155 2
B 22 156 1
B 22 158 2
B 22 163 1
B 22 179 1
B 22 186 1
B 22 190 1
B 22 191 1
B 22 193 1
B 22 194 2
B 22 197 1
B 22 203 1
B 22 205 4
B 22 212 1
B 22 217 1
B 22 228 1
B 22 241 4
B 22 246 1
B 22 247 1
B 22 252 1
B 22 257 2
B 22 261 1
B 22 276 2
B 22 280 1
B 22 297 1
B 22 299 1
B 22 300 1
B 22 305 1
B 22 329 1
B 22 344 1
B 22 358 1
B 22 371 2
B 22 375 1
B 22 385 1
B 22 386 3
B 22 400 1
B 22 406 2
B 22 416 1
B 22 429 1
B 22 438 2
B 22 440 1
B 22 470 1
B 22 500 1
B 22 501 1
B 22 516 1
B 22 529 1
B 22 545 1
P 23 0.020
B 23 17 1
B 23 18 1
B 23 29 1
B 23 41 1
B 23 42 3
B 23 45 1
B 23 46 1
B 23 50 1
B 23 53 2
B 23 54 1
B 23 62 1
B 23 69 1
B 23 75 2
B 23 77 1
B 23 85 2
B 23 89 2
B 23 113 1
B 23 126 1
B 23 132 2
B 23 133 1
B 23 150 1
B 23 154 1
B 23 160 3
B 23 174 2
B 23 175 1
B 23 178 1
B 23 181 1
B 23 182 1
B 23 190 1
B 23 193 1
B 23 197 1
B 23 202 2
B 23 207 1
B 23 212 1
B 23 213 1
B 23 218 1
B 23 226 1
B 23 244 1
B 23 247 1
B 23 252 1
B 23 253 1
B 23 260 1
B 23 262 1
B 23 285 1
B 23 297 1
B 23 313 1
B 23 314 2
B 23 316 1
B 23 334 2
B 23 363 2
B 23 375 1
B 23 384 1
B 23 389 1
B 23 419 1
B 23 422 1
B 23 453 1
B 23 454 1
B 23 457 1
B 23 461 1
B 23 470 1
B 23 485 1
B 23 487 1
B 23 496 1
B 23 512 1
B 23 527 1
B 23 530 1
B 23 542 1
P 24 0.020
B 24 22 1
B 24 38 1
B 24 42 1
B 24 49 2
B 24 55 1
B 24 57 1
B 24 62 1
B 24 70 1
B 24 75 1
B 24 76 1
B 24 77 1
B 24 81 1
B 24 101 1
B 24 105 1
B 24 107 2
B 24 114 1
B 24 119 2
B 24 121 1
B 24 122 2
B 24 128 1
B 24 129 1
B 24 130 2
B 24 132 1
B 24 148 1
B 24 153 1
B 24 157 1
B 24 159 1
B 24 163 3
B 24 164 1
B 24 178 2
B 24 185 1
B 24 191 1
B 24 192 1
B 24 197 1
B 24 199 1
B 24 203 1
B 24 208 1
B 24 210 1
B 24 212 1
B 24 213 1
B 24 221 1
B 24 224 1
B 24 225 2
B 24 235 1
B 24 241 1
B 24 244 1
B 24 246 2
B 24 247 2
B 24 254 1
B 24 255 1
B 24 258 3
B 24 261 1
B 24 266 1
B 24 270 1
B 24 272 2
B 24 280 1
B 24 283 1
B 24 284 1
B 24 285 1
B 24 288 1
B 24 290 2
B 24 292 1
B 24 310 1
B 24 311 1
B 24 313 1
B 24 318 1
B 24 326 1
B 24 332 2
B 24 337 1
B 24 343 1
B 24 353 1
B 24 371 1
B 24 377 1
B 24 383 2
B 24 384 1
B 24 385 1
B 24 388 1
B 24 394 2
B 24 408 1
B 24 411 1
B 24 417 1
B 24 426 1
B 24 438 2
B 24 440 1
B 24 449 1
B 24 456 1
B 24 467 2
B 24 477 1
B 24 494 1
B 24 495 1
B 24 508 1
B 24 517 1
B 24 541 1
B 24 544 1
P 25 0.020
B 25 7 1
B 25 10 1
B 25 20 1
B 25 39 1
B 25 43 1
B 25 49 1
B 25 55 2
B 25 68 1
B 25 72 1
B 25 75 1
B 25 76 1
B 25 84 1
B 25 85 2
B 25 90 1
B 25 98 1
B 25 100 1
B 25 108 1
B 25 114 1
B 25 127 1
B 25 129 1
B 25 140 2
B 25 141 1
B 25 148 1
B 25 151 1
B 25 156 1
B 25 158 1
B 25 175 1
B 25 178 1
B 25 188 1
B 25 191 1
B 25 192 1
B 25 193 2
B 25 205 1
B 25 207 2
B 25 213 1
B 25 218 1
B 25 219 1
B 25 238 1
B 25 240 1
B 25 258 2
B 25 259 1
B 25 264 1
B 25 277 1
B 25 278 2
B 25 284 1
B 25 286 3
B 25 303 1
B 25 310 1
B 25 315 1
B 25 323 1
B 25 337 1
B 25 341 1
B 25 344 2
B 25 353 4
B 25 358 1
B 25 359 2
B 25 363 1
B 25 380 4
B 25 385 1
B 25 386 2
B 25 392 1
B 25 396 1
B 25 405 2
B 25 409 1
B 25 419 1
B 25 440 2
B 25 446 1
B 25 450 1
B 25 462 2
B 25 497 1
B 25 525 1
B 25 530 1
B 25 539 2
P 26 0.020
B 26 8 1
B 26 22 2
B 26 24 3
B 26 28 1
B 26 42 1
B 26 43 1
B 26 47 1
B 26 52 1
B 26 54 1
B 26 56 1
B 26 60 2
B 26 61 1
B 26 64 1
B 26 69 1
B 26 70 2
B 26 72 1
B 26 73 2
B 26 74 1
B 26 76 2
B 26 101 2
B 26 103 1
B 26 108 1
B 26 109 2
B 26 119 1
B 26 120 1
B 26 121 2
B 26 125 1
B 26 126 1
B 26 130 1
B 26 137 1
B 26 145 1
B 26 147 1
B 26 153 2
B 26 156 1
B 26 164 1
B 26 181 1
B 26 185 1
B 26 190 1
B 26 191 2
B 26 193 1
B 26 196 1
B 26 197 1
B 26 198 4
B 26 199 1
B 26 202 1
B 26 204 1
B 26 205 1
B 26 210 2
B 26 211 1
B 26 212 1
B 26 213 1
B 26 214 1
B 26 215 2
B 26 218 1
B 26 219 1
B 26 230 1
B 26 237 1
B 26 244 1
B 26 246 1
B 26 247 2
B 26 251 1
B 26 253 2
B 26 255 4
B 26 257 1
B 26 280 1
B 26 301 1
B 26 306 1
B 26 316 1
B 26 319 2
B 26 323 1
B 26 327 1
B 26 343 1
B 26 356 1
B 26 361 2
B 26 369 1
B 26 373 1
B 26 378 1
B 26 384 1
B 26 400 1
B 26 426 2
B 26 434 1
B 26 447 1
B 26 454 1
B 26 457 1
B 26 458 1
B 26 498 1
B 26 506 1
B 26 512 2
B 26 529 1
P 27 0.020
B 27 7 2
B 27 39 1
B 27 47 1
B 27 60 1
B 27 61 1
B 27 62 1
B 27 64 2
B 27 76 3
B 27 85 1
B 27 89 2
B 27 91 1
B 27 105 2
B 27 121 3
B 27 132 1
B 27 146 1
B 27 148 1
B 27 153 1
B 27 155 1
B 27 156 1
B 27 158 1
B 27 159 1
B 27 176 1
B 27 181 1
B 27 186 1
B 27 192 1
B 27 193 1
B 27 197 1
B 27 199 1
B 27 202 1
B 27 205 1
B 27 211 1
B 27 212 2
B 27 221 3
B 27 228 1
B 27 234 2
B 27 240 1
B 27 242 2
B 27 244 1
B 27 257 1
B 27 259 2
B 27 294 3
B 27 301 1
B 27 303 1
B 27 309 1
B 27 319 1
B 27 331 1
B 27 352 1
B 27 353 1
B 27 356 2
B 27 361 1
B 27 370 1
B 27 373 1
B 27 378 1
B 27 382 1
B 27 384 1
B 27 406 1
B 27 410 1
B 27 426 2
B 27 427 1
B 27 431 2
B 27 438 1
B 27 488 1
B 27 493 2
B 27 500 1
B 27 512 1
B 27 541 1
B 27 544 1
B 27 545 1
B 27 548 1
P 28 0.020
B 28 34 1
B 28 41 1
B 28 49 2
B 28 50 2
B 28 61 1
B 28 72 1
B 28 75 1
B 28 76 1
B 28 83 1
B 28 91 1
B 28 97 1
B 28 104 2
B 28 110 1
B 28 119 3
B 28 121 2
B 28 122 1
B 28 133 1
B 28 150 2
B 28 153 2
B 28 154 1
B 28 159 1
B 28 160 2
B 28 161 1
B 28 172 1
B 28 174 1
B 28 183 2
B 28 187 1
B 28 188 2
B 28 194 2
B 28 198 1
B 28 199 1
B 28 202 1
B 28 221 1
B 28 226 1
B 28 227 2
B 28 234 2
B 28 236 1
B 28 251 1
B 28 255 1
B 28 261 2
B 28 280 1
B 28 284 1
B 28 292 1
B 28 293 1
B 28 297 2
B 28 310 1
B 28 315 1
B 28 319 2
B 28 323 1
B 28 326 1
B 28 341 1
B 28 353 1
B 28 377 1
B 28 383 1
B 28 393 1
B 28 405 2
B 28 417 1
B 28 420 1
B 28 424 1
B 28 440 4
B 28 462 1
B 28 487 1
B 28 507 1
B 28 524 1
B 28 535 2
B 28 538 1
B 28 541 1
P 29 0.020
B 29 5 1
B 29 7 1
B 29 17 1
B 29 21 1
B 29 29 1
B 29 31 1
B 29 36 1
B 29 39 1
B 29 42 1
B 29 43 1
B 29 45 2
B 29 46 1
B 29 49 1
B 29 54 1
B 29 55 2
B 29 57 2
B 29 69 1
B 29 71 1
B 29 72 1
B 29 75 1
B 29 77 1
B 29 80 1
B 29 82 2
B 29 83 2
B 29 85 1
B 29 89 2
B 29 91 1
B 29 104 1
B 29 115 2
B 29 119 1
B 29 122 3
B 29 123 1
B 29 136 1
B 29 138 1
B 29 141 1
B 29 151 1
B 29 152 1
B 29 155 1
B 29 158 1
B 29 160 1
B 29 174 2
B 29 177 1
B 29 178 1
B 29 179 1
B 29 188 1
B 29 191 1
B 29 197 2
B 29 198 1
B 29 210 1
B 29 212 1
B 29 213 2
B 29 222 3
B 29 224 1
B 29 233 1
B 29 241 1
B 29 254 1
B 29 264 1
B 29 268 1
B 29 280 1
B 29 282 1
B 29 292 1
B 29 293 1
B 29 294 1
B 29 296 1
B 29 300 2
B 29 303 2
B 29 306 1
B 29 309 2
B 29 314 2
B 29 316 1
B 29 318 1
B 29 324 1
B 29 330 1
B 29 340 1
B 29 354 1
B 29 371 2
B 29 375 2
B 29 383 1
B 29 384 1
B 29 389 3
B 29 400 1
B 29 424 1
B 29 429 1
B 29 438 1
B 29 455 1
B 29 462 1
B 29 464 2
B 29 466 1
B 29 468 1
B 29 473 1
B 29 474 2
B 29 482 1
B 29 500 1
B 29 502 2
B 29 530 1
P 30 0.020
B 30 7 1
B 30 38 2
B 30 42 1
B 30 44 1
B 30 49 1
B 30 50 1
B 30 52 2
B 30 54 1
B 30 60 2
B 30 61 1
B 30 75 2
B 30 76 3
B 30 94 1
B 30 97 1
B 30 127 2
B 30 130 2
B 30 131 1
B 30 133 2
B 30 137 1
B 30 153 2
B 30 159 1
B 30 178 1
B 30 181 2
B 30 182 1
B 30 184 1
B 30 185 1
B 30 190 1
B 30 192 2
B 30 202 1
B 30 203 1
B 30 211 1
B 30 212 1
B 30 213 1
B 30 214 1
B 30 227 2
B 30 231 2
B 30 235 1
B 30 236 2
B 30 242 2
B 30 249 3
B 30 251 1
B 30 252 2
B 30 258 2
B 30 262 1
B 30 272 2
B 30 283 2
B 30 294 2
B 30 308 1
B 30 313 2
B 30 314 1
B 30 318 2
B 30 319 1
B 30 361 2
B 30 375 1
B 30 378 1
B 30 385 1
B 30 403 2
B 30 416 1
B 30 419 1
B 30 421 1
B 30 434 1
B 30 437 3
B 30 449 1
B 30 454 1
B 30 457 2
B 30 473 1
B 30 478 1
B 30 500 2
B 30 541 2
P 31 0.020
B 31 7 2
B 31 10 1
B 31 17 2
B 31 22 1
B 31 27 1
B 31 28 1
B 31 42 1
B 31 48 2
B 31 55 1
B 31 57 1
B 31 61 1
B 31 67 1
B 31 73 2
B 31 76 1
B 31 78 1
B 31 80 1
B 31 83 1
B 31 100 1
B 31 121 1
B 31 127 1
B 31 133 1
B 31 134 2
B 31 135 2
B 31 140 3
B 31 143 1
B 31 152 2
B 31 154 2
B 31 156 1
B 31 170 2
B 31 175 1
B 31 177 1
B 31 181 3
B 31 185 1
B 31 189 1
B 31 191 1
B 31 194 1
B 31 197 1
B 31 204 1
B 31 211 2
B 31 212 2
B 31 215 1
B 31 216 2
B 31 217 1
B 31 227 2
B 31 241 1
B 31 242 1
B 31 247 2
B 31 251 1
B 31 253 3
B 31 267 1
B 31 277 1
B 31 284 1
B 31 288 2
B 31 300 1
B 31 309 4
B 31 322 1
B 31 325 1
B 31 328 1
B 31 331 1
B 31 339 1
B 31 364 2
B 31 371 1
B 31 385 2
B 31 388 2
B 31 410 2
B 31 438 1
B 31 440 2
B 31 473 2
B 31 492 1
B 31 500 1
B 31 517 1
B 31 521 1
B 31 522 1
B 31 525 1
B 31 545 1
P 32 0.020
B 32 27 1
B 32 32 1
B 32 33 1
B 32 37 1
B 32 44 1
B 32 45 1
B 32 46 1
B 32 47 1
B 32 55 1
B 32 57 1
B 32 67 1
B 32 71 1
B 32 77 1
B 32 78 1
B 32 79 1
B 32 81 1
B 32 82 1
B 32 84 1
B 32 92 2
B 32 104 1
B 32 106 1
B 32 119 1
B 32 121 1
B 32 122 2
B 32 124 1
B 32 127 1
B 32 128 1
B 32 140 1
B 32 149 1
B 32 153 1
B 32 154 1
B 32 159 1
B 32 179 3
B 32 190 1
B 32 194 1
B 32 197 2
B 32 198 1
B 32 199 1
B 32 202 1
B 32 203 1
B 32 207 1
B 32 212 1
B 32 213 1
B 32 215 1
B 32 217 1
B 32 218 1
B 32 222 1
B 32 224 1
B 32 234 1
B 32 235 2
B 32 240 1
B 32 243 2
B 32 255 1
B 32 256 1
B 32 258 2
B 32 259 1
B 32 283 1
B 32 285 1
B 32 293 2
B 32 294 1
B 32 298 1
B 32 299 1
B 32 306 1
B 32 308 1
B 32 313 1
B 32 314 2
B 32 318 1
B 32 332 1
B 32 341 2
B 32 345 1
B 32 356 1
B 32 384 2
B 32 411 3
B 32 414 1
B 32 417 1
B 32 420 1
B 32 422 1
B 32 434 1
B 32 450 1
B 32 457 1
B 32 460 1
B 32 461 1
B 32 463 1
B 32 470 3
B 32 477 1
B 32 478 1
B 32 480 1
B 32 482 1
B 32 485 1
B 32 500 2
B 32 502 2
B 32 530 1
P 33 0.020
B 33 5 1
B 33 6 1
B 33 17 1
B 33 42 1
B 33 45 1
B 33 52 1
B 33 67 2
B 33 71 1
B 33 73 1
B 33 82 1
B 33 84 1
B 33 87 1
B 33 89 1
B 33 99 1
B 33 111 2
B 33 121 1
B 33 123 2
B 33 127 1
B 33 135 1
B 33 138 1
B 33 147 1
B 33 155 1
B 33 160 1
B 33 163 1
B 33 190 2
B 33 191 1
B 33 196 1
B 33 203 1
B 33 207 1
B 33 211 2
B 33 214 1
B 33 219 1
B 33 220 1
B 33 224 1
B 33 234 1
B 33 246 2
B 33 253 3
B 33 259 1
B 33 262 1
B 33 263 2
B 33 273 1
B 33 279 1
B 33 283 2
B 33 286 1
B 33 298 2
B 33 304 1
B 33 308 1
B 33 310 2
B 33 318 1
B 33 322 2
B 33 325 2
B 33 329 1
B 33 357 1
B 33 370 1
B 33 371 1
B 33 372 2
B 33 373 1
B 33 377 1
B 33 378 1
B 33 382 1
B 33 384 1
B 33 393 1
B 33 400 1
B 33 403 2
B 33 423 1
B 33 424 1
B 33 425 1
B 33 455 2
B 33 470 2
B 33 474 1
B 33 500 2
B 33 501 1
B 33 502 2
B 33 513 1
B 33 521 1
B 33 540 1
B 33 541 1
P 34 0.020
B 34 16 2
B 34 21 2
B 34 47 1
B 34 49 1
B 34 51 1
B 34 58 1
B 34 68 2
B 34 72 1
B 34 79 1
B 34 99 2
B 34 103 1
B 34 119 1
B 34 122 1
B 34 123 2
B 34 124 1
B 34 126 1
B 34 127 1
B 34 128 1
B 34 153 1
B 34 156 1
B 34 160 1
B 34 172 1
B 34 192 2
B 34 197 2
B 34 199 1
B 34 207 1
B 34 208 1
B 34 210 1
B 34 211 2
B 34 213 1
B 34 215 1
B 34 216 2
B 34 233 1
B 34 234 1
B 34 236 1
B 34 240 2
B 34 243 2
B 34 246 1
B 34 253 1
B 34 257 1
B 34 258 1
B 34 262 1
B 34 263 1
B 34 272 1
B 34 277 1
B 34 278 1
B 34 291 1
B 34 292 1
B 34 294 1
B 34 305 1
B 34 313 1
B 34 318 1
B 34 320 1
B 34 337 1
B 34 340 1
B 34 347 1
B 34 367 2
B 34 374 1
B 34 379 1
B 34 384 1
B 34 386 1
B 34 388 1
B 34 405 1
B 34 406 1
B 34 412 1
B 34 420 1
B 34 429 1
B 34 438 1
B 34 461 2
B 34 464 1
B 34 484 2
B 34 485 1
B 34 487 1
B 34 495 1
B 34 496 1
B 34 506 1
B 34 510 1
P 35 0.020
B 35 9 1
B 35 22 1
B 35 24 1
B 35 25 2
B 35 27 1
B 35 38 1
B 35 41 2
B 35 45 1
B 35 52 1
B 35 53 1
B 35 54 1
B 35 61 1
B 35 64 2
B 35 65 1
B 35 72 1
B 35 76 2
B 35 95 1
B 35 105 1
B 35 118 1
B 35 123 1
B 35 137 2
B 35 151 1
B 35 155 3
B 35 156 1
B 35 158 2
B 35 160 1
B 35 161 1
B 35 163 1
B 35 176 1
B 35 191 1
B 35 192 2
B 35 196 2
B 35 202 1
B 35 204 2
B 35 207 2
B 35 212 1
B 35 213 1
B 35 214 1
B 35 215 4
B 35 216 1
B 35 219 1
B 35 222 1
B 35 224 1
B 35 225 1
B 35 228 1
B 35 229 1
B 35 234 2
B 35 240 1
B 35 241 1
B 35 242 1
B 35 249 1
B 35 250 1
B 35 268 1
B 35 278 1
B 35 290 1
B 35 291 1
B 35 292 2
B 35 294 1
B 35 300 2
B 35 341 1
B 35 346 1
B 35 360 1
B 35 383 1
B 35 385 1
B 35 388 1
B 35 400 1
B 35 404 1
B 35 409 1
B 35 416 1
B 35 426 1
B 35 429 1
B 35 440 1
B 35 458 1
B 35 470 1
B 35 474 1
B 35 493 1
B 35 502 1
B 35 536 1
B 35 538 1
P 36 0.020
B 36 8 2
B 36 24 1
B 36 25 1
B 36 27 1
B 36 31 1
B 36 32 1
B 36 38 1
B 36 41 4
B 36 44 1
B 36 45 1
B 36 68 1
B 36 70 1
B 36 71 1
B 36 73 1
B 36 81 1
B 36 85 1
B 36 87 2
B 36 90 1
B 36 91 1
B 36 97 1
B 36 123 1
B 36 130 1
B 36 133 1
B 36 138 1
B 36 155 1
B 36 156 2
B 36 178 1
B 36 182 1
B 36 192 3
B 36 203 1
B 36 208 1
B 36 209 1
B 36 214 1
B 36 215 1
B 36 218 1
B 36 219 1
B 36 221 1
B 36 241 2
B 36 242 1
B 36 246 1
B 36 250 1
B 36 253 2
B 36 254 2
B 36 256 2
B 36 277 1
B 36 299 1
B 36 309 1
B 36 312 1
B 36 313 1
B 36 314 2
B 36 322 1
B 36 327 1
B 36 357 1
B 36 373 2
B 36 392 1
B 36 396 1
B 36 403 2
B 36 409 1
B 36 417 2
B 36 438 2
B 36 440 2
B 36 442 1
B 36 444 2
B 36 450 1
B 36 454 1
B 36 460 2
B 36 470 2
B 36 478 1
B 36 510 1
B 36 540 1
B 36 541 1
P 37 0.020
B 37 2 1
B 37 22 2
B 37 24 1
B 37 29 1
B 37 38 1
B 37 41 1
B 37 44 1
B 37 50 1
B 37 54 1
B 37 55 1
B 37 60 1
B 37 62 1
B 37 67 1
B 37 69 1
B 37 71 1
B 37 77 1
B 37 78 1
B 37 81 1
B 37 82 1
B 37 83 2
B 37 96 1
B 37 100 1
B 37 101 2
B 37 121 1
B 37 125 1
B 37 129 2
B 37 132 1
B 37 135 1
B 37 138 2
B 37 144 2
B 37 152 1
B 37 155 1
B 37 156 1
B 37 177 2
B 37 179 2
B 37 196 1
B 37 199 2
B 37 203 2
B 37 208 2
B 37 211 1
B 37 215 1
B 37 234 1
B 37 239 2
B 37 241 1
B 37 249 1
B 37 250 1
B 37 265 1
B 37 269 1
B 37 288 1
B 37 298 2
B 37 303 1
B 37 325 1
B 37 338 1
B 37 346 1
B 37 348 1
B 37 352 1
B 37 355 1
B 37 385 2
B 37 388 1
B 37 410 1
B 37 424 2
B 37 438 2
B 37 440 1
B 37 464 1
B 37 470 1
B 37 481 1
B 37 499 1
B 37 500 4
B 37 534 1
B 37 540 2
P 38 0.020
B 38 41 1
B 38 42 1
B 38 44 2
B 38 45 1
B 38 51 1
B 38 68 1
B 38 78 1
B 38 88 1
B 38 97 2
B 38 104 1
B 38 119 1
B 38 121 1
B 38 122 2
B 38 125 1
B 38 126 1
B 38 127 1
B 38 128 1
B 38 130 1
B 38 144 1
B 38 146 1
B 38 156 1
B 38 157 1
B 38 158 3
B 38 159 1
B 38 160 1
B 38 165 1
B 38 176 1
B 38 178 2
B 38 179 3
B 38 182 1
B 38 190 1
B 38 202 2
B 38 208 1
B 38 212 1
B 38 217 1
B 38 222 1
B 38 234 1
B 38 239 2
B 38 242 2
B 38 251 2
B 38 252 1
B 38 256 2
B 38 261 1
B 38 264 2
B 38 270 1
B 38 285 1
B 38 293 2
B 38 294 1
B 38 299 1
B 38 306 1
B 38 322 1
B 38 339 1
B 38 353 1
B 38 357 1
B 38 380 1
B 38 383 2
B 38 388 1
B 38 400 1
B 38 403 1
B 38 414 2
B 38 458 1
B 38 460 1
B 38 477 1
B 38 487 1
B 38 512 1
B 38 521 1
B 38 530 1
B 38 537 1
B 38 542 1
P 39 0.020
B 39 7 2
B 39 16 1
B 39 17 2
B 39 38 1
B 39 51 1
B 39 54 3
B 39 62 3
B 39 72 2
B 39 85 1
B 39 93 1
B 39 100 1
B 39 101 1
B 39 122 2
B 39 123 1
B 39 124 1
B 39 127 1
B 39 128 3
B 39 130 4
B 39 133 2
B 39 137 1
B 39 144 1
B 39 153 1
B 39 156 1
B 39 181 1
B 39 188 1
B 39 189 1
B 39 191 1
B 39 205 3
B 39 208 1
B 39 211 1
B 39 214 1
B 39 219 1
B 39 233 1
B 39 234 4
B 39 242 1
B 39 243 1
B 39 249 2
B 39 255 1
B 39 258 2
B 39 261 1
B 39 275 3
B 39 278 1
B 39 279 1
B 39 282 2
B 39 283 2
B 39 290 1
B 39 294 2
B 39 297 1
B 39 311 2
B 39 325 1
B 39 332 1
B 39 354 1
B 39 361 1
B 39 370 1
B 39 387 1
B 39 396 2
B 39 409 2
B 39 422 1
B 39 424 1
B 39 431 1
B 39 447 1
B 39 459 1
B 39 472 1
B 39 475 1
B 39 480 1
B 39 482 1
B 39 500 1
B 39 502 1
B 39 526 1
B 39 544 1
P 40 0.020
B 40 22 1
B 40 41 3
B 40 50 1
B 40 52 1
B 40 57 1
B 40 60 1
B 40 65 1
B 40 70 1
B 40 73 2
B 40 74 2
B 40 80 1
B 40 81 1
B 40 84 1
B 40 85 1
B 40 87 1
B 40 99 1
B 40 114 1
B 40 117 1
B 40 121 2
B 40 123 3
B 40 137 1
B 40 148 1
B 40 156 2
B 40 159 2
B 40 163 4
B 40 177 2
B 40 183 1
B 40 188 2
B 40 190 1
B 40 191 1
B 40 194 1
B 40 197 1
B 40 198 1
B 40 204 1
B 40 205 2
B 40 209 1
B 40 211 1
B 40 213 1
B 40 218 1
B 40 219 1
B 40 221 1
B 40 223 1
B 40 224 1
B 40 233 1
B 40 237 1
B 40 255 1
B 40 260 1
B 40 262 2
B 40 274 1
B 40 280 1
B 40 286 1
B 40 294 2
B 40 298 1
B 40 306 1
B 40 315 1
B 40 318 2
B 40 319 1
B 40 320 1
B 40 349 1
B 40 350 1
B 40 371 2
B 40 384 1
B 40 396 1
B 40 410 2
B 40 417 3
B 40 450 1
B 40 473 1
B 40 485 2
B 40 500 1
B 40 525 2
B 40 541 2
P 41 0.020
B 41 5 1
B 41 16 1
B 41 24 1
B 41 27 2
B 41 45 2
B 41 47 2
B 41 49 2
B 41 60 2
B 41 61 3
B 41 62 1
B 41 69 1
B 41 72 1
B 41 75 1
B 41 76 1
B 41 77 2
B 41 85 2
B 41 91 1
B 41 103 1
B 41 106 1
B 41 109 1
B 41 112 2
B 41 123 1
B 41 140 1
B 41 153 1
B 41 167 1
B 41 177 1
B 41 178 2
B 41 181 2
B 41 192 1
B 41 194 1
B 41 195 1
B 41 196 1
B 41 202 1
B 41 207 2
B 41 213 2
B 41 214 1
B 41 216 1
B 41 225 1
B 41 226 1
B 41 239 3
B 41 244 1
B 41 252 1
B 41 262 2
B 41 271 2
B 41 275 1
B 41 277 1
B 41 278 1
B 41 280 1
B 41 282 1
B 41 284 1
B 41 292 1
B 41 303 1
B 41 322 1
B 41 338 1
B 41 352 1
B 41 357 1
B 41 360 1
B 41 361 1
B 41 363 3
B 41 380 1
B 41 386 1
B 41 387 1
B 41 390 2
B 41 403 1
B 41 418 1
B 41 422 1
B 41 428 1
B 41 429 1
B 41 437 1
B 41 438 1
B 41 447 2
B 41 454 2
B 41 458 2
B 41 460 1
B 41 463 1
B 41 500 2
B 41 520 1
B 41 525 1
B 41 538 1
B 41 539 1
P 42 0.020
B 42 5 1
B 42 28 1
B 42 41 1
B 42 43 1
B 42 46 1
B 42 47 1
B 42 57 2
B 42 64 1
B 42 73 1
B 42 74 1
B 42 81 1
B 42 82 2
B 42 85 1
B 42 87 1
B 42 93 2
B 42 97 2
B 42 100 1
B 42 109 1
B 42 112 1
B 42 119 3
B 42 121 2
B 42 126 1
B 42 131 1
B 42 132 1
B 42 133 1
B 42 142 2
B 42 152 1
B 42 159 1
B 42 163 2
B 42 172 1
B 42 187 1
B 42 195 1
B 42 198 1
B 42 207 2
B 42 214 1
B 42 219 1
B 42 221 1
B 42 259 1
B 42 262 4
B 42 267 2
B 42 275 1
B 42 276 2
B 42 279 1
B 42 289 1
B 42 294 1
B 42 296 1
B 42 299 2
B 42 302 1
B 42 318 1
B 42 320 2
B 42 350 1
B 42 352 1
B 42 353 1
B 42 370 1
B 42 378 2
B 42 403 1
B 42 412 1
B 42 418 1
B 42 433 1
B 42 434 2
B 42 450 1
B 42 454 2
B 42 457 2
B 42 458 1
B 42 470 2
B 42 488 2
B 42 505 1
B 42 507 1
B 42 519 1
B 42 521 2
B 42 539 1
B 42 541 2
B 42 545 1
B 42 547 1
P 43 0.020
B 43 7 1
B 43 17 2
B 43 18 1
B 43 24 1
B 43 42 2
B 43 50 2
B 43 53 1
B 43 60 1
B 43 61 1
B 43 74 1
B 43 76 2
B 43 78 2
B 43 81 1
B 43 89 2
B 43 90 1
B 43 94 2
B 43 119 1
B 43 121 2
B 43 124 2
B 43 126 1
B 43 128 1
B 43 131 1
B 43 138 2
B 43 139 1
B 43 153 2
B 43 156 1
B 43 158 1
B 43 160 2
B 43 181 2
B 43 192 1
B 43 198 1
B 43 219 1
B 43 220 1
B 43 221 1
B 43 234 1
B 43 246 2
B 43 250 1
B 43 252 1
B 43 253 1
B 43 258 2
B 43 272 1
B 43 277 1
B 43 280 2
B 43 294 1
B 43 305 2
B 43 318 1
B 43 322 1
B 43 326 1
B 43 331 1
B 43 332 1
B 43 341 1
B 43 343 1
B 43 361 1
B 43 367 3
B 43 368 1
B 43 373 1
B 43 391 1
B 43 403 1
B 43 406 1
B 43 426 2
B 43 432 1
B 43 434 2
B 43 435 1
B 43 438 1
B 43 440 2
B 43 455 1
B 43 476 1
B 43 495 1
B 43 497 1
B 43 512 2
B 43 529 1
B 43 538 1
B 43 541 2
P 44 0.020
B 44 12 2
B 44 16 1
B 44 21 1
B 44 22 2
B 44 24 1
B 44 37 1
B 44 38 1
B 44 41 1
B 44 43 2
B 44 52 1
B 44 54 1
B 44 57 1
B 44 61 1
B 44 62 1
B 44 72 2
B 44 73 1
B 44 78 1
B 44 84 1
B 44 90 1
B 44 93 1
B 44 106 1
B 44 114 2
B 44 123 1
B 44 125 3
B 44 127 1
B 44 152 1
B 44 153 1
B 44 158 1
B 44 159 1
B 44 161 1
B 44 165 1
B 44 176 2
B 44 177 1
B 44 184 1
B 44 188 2
B 44 194 1
B 44 198 2
B 44 199 1
B 44 201 1
B 44 204 1
B 44 205 2
B 44 210 1
B 44 211 2
B 44 214 1
B 44 215 2
B 44 217 1
B 44 225 1
B 44 233 1
B 44 245 1
B 44 254 1
B 44 255 1
B 44 262 1
B 44 267 1
B 44 277 1
B 44 278 1
B 44 299 1
B 44 303 1
B 44 313 1
B 44 318 1
B 44 327 1
B 44 370 1
B 44 371 1
B 44 373 1
B 44 380 3
B 44 385 1
B 44 388 2
B 44 392 2
B 44 409 1
B 44 423 1
B 44 450 3
B 44 455 1
B 44 460 1
B 44 462 3
B 44 483 1
B 44 484 1
B 44 500 1
B 44 501 1
B 44 516 1
B 44 521 1
P 45 0.020
B 45 5 1
B 45 12 1
B 45 17 2
B 45 18 1
B 45 28 1
B 45 53 1
B 45 54 1
B 45 63 1
B 45 64 1
B 45 67 1
B 45 71 1
B 45 74 2
B 45 75 1
B 45 88 2
B 45 125 2
B 45 137 1
B 45 138 1
B 45 156 1
B 45 168 1
B 45 175 1
B 45 177 1
B 45 178 1
B 45 179 1
B 45 181 1
B 45 183 1
B 45 188 2
B 45 197 4
B 45 200 1
B 45 202 2
B 45 205 1
B 45 210 1
B 45 211 2
B 45 217 1
B 45 218 1
B 45 221 1
B 45 229 2
B 45 239 1
B 45 247 1
B 45 251 1
B 45 253 1
B 45 255 1
B 45 256 3
B 45 258 1
B 45 259 1
B 45 260 1
B 45 261 1
B 45 270 1
B 45 282 1
B 45 283 1
B 45 288 1
B 45 310 1
B 45 325 1
B 45 327 1
B 45 345 1
B 45 354 1
B 45 359 2
B 45 380 1
B 45 404 1
B 45 413 1
B 45 438 1
B 45 440 1
B 45 464 1
B 45 470 1
B 45 487 1
B 45 501 1
B 45 504 1
B 45 516 2
B 45 521 1
B 45 533 1
B 45 534 1
P 46 0.020
B 46 18 1
B 46 22 1
B 46 37 2
B 46 44 1
B 46 46 1
B 46 54 1
B 46 56 1
B 46 57 1
B 46 68 1
B 46 72 1
B 46 73 2
B 46 75 1
B 46 78 1
B 46 81 2
B 46 82 1
B 46 86 1
B 46 98 1
B 46 123 1
B 46 128 1
B 46 131 2
B 46 135 1
B 46 136 1
B 46 138 2
B 46 140 1
B 46 142 1
B 46 148 1
B 46 160 1
B 46 161 1
B 46 168 2
B 46 190 1
B 46 193 1
B 46 194 1
B 46 196 1
B 46 197 2
B 46 205 2
B 46 208 1
B 46 210 2
B 46 212 2
B 46 219 1
B 46 227 1
B 46 229 1
B 46 234 2
B 46 237 3
B 46 240 1
B 46 241 1
B 46 247 1
B 46 251 1
B 46 252 1
B 46 254 1
B 46 279 1
B 46 280 1
B 46 294 1
B 46 303 2
B 46 305 1
B 46 306 1
B 46 308 1
B 46 312 1
B 46 314 1
B 46 316 1
B 46 317 1
B 46 327 1
B 46 337 2
B 46 345 1
B 46 353 1
B 46 354 1
B 46 355 1
B 46 361 1
B 46 368 1
B 46 380 1
B 46 403 2
B 46 417 1
B 46 424 1
B 46 438 1
B 46 471 1
B 46 482 1
B 46 487 1
B 46 493 1
B 46 521 2
B 46 533 1
B 46 541 1
P 47 0.020
B 47 6 1
B 47 12 2
B 47 17 2
B 47 27 1
B 47 47 2
B 47 52 2
B 47 62 2
B 47 64 2
B 47 69 1
B 47 70 1
B 47 71 2
B 47 72 1
B 47 74 1
B 47 75 2
B 47 76 1
B 47 82 1
B 47 85 2
B 47 95 2
B 47 127 2
B 47 129 1
B 47 132 1
B 47 135 1
B 47 137 1
B 47 139 1
B 47 152 1
B 47 178 3
B 47 191 1
B 47 193 2
B 47 205 1
B 47 213 1
B 47 246 2
B 47 247 1
B 47 250 3
B 47 252 1
B 47 256 1
B 47 259 1
B 47 263 2
B 47 276 1
B 47 283 1
B 47 297 1
B 47 298 1
B 47 317 1
B 47 318 1
B 47 323 1
B 47 345 1
B 47 346 1
B 47 349 1
B 47 350 1
B 47 355 1
B 47 363 1
B 47 383 1
B 47 393 1
B 47 410 2
B 47 438 1
B 47 454 1
B 47 458 1
B 47 467 1
B 47 482 1
B 47 496 1
B 47 510 1
B 47 518 1
B 47 526 1
B 47 535 1
P 48 0.020
B 48 9 1
B 48 16 1
B 48 17 1
B 48 22 2
B 48 38 1
B 48 41 3
B 48 42 2
B 48 44 1
B 48 65 1
B 48 67 1
B 48 74 1
B 48 85 2
B 48 106 1
B 48 121 2
B 48 122 2
B 48 136 1
B 48 138 1
B 48 154 2
B 48 158 5
B 48 159 1
B 48 185 1
B 48 186 1
B 48 191 1
B 48 193 1
B 48 197 1
B 48 199 1
B 48 203 2
B 48 208 1
B 48 214 1
B 48 218 1
B 48 219 1
B 48 240 1
B 48 241 2
B 48 250 1
B 48 253 1
B 48 255 1
B 48 257 1
B 48 263 1
B 48 266 1
B 48 267 2
B 48 278 1
B 48 282 1
B 48 286 1
B 48 298 1
B 48 299 1
B 48 308 1
B 48 315 1
B 48 323 2
B 48 325 1
B 48 341 1
B 48 349 1
B 48 350 1
B 48 361 1
B 48 373 2
B 48 403 1
B 48 410 1
B 48 417 1
B 48 427 1
B 48 438 3
B 48 460 1
B 48 467 1
B 48 477 1
B 48 487 1
B 48 496 1
B 48 502 1
B 48 525 1
B 48 541 1
P 49 0.020
B 49 16 1
B 49 33 1
B 49 34 1
B 49 72 1
B 49 81 1
B 49 95 2
B 49 127 1
B 49 128 1
B 49 130 1
B 49 131 1
B 49 137 2
B 49 148 1
B 49 158 1
B 49 161 1
B 49 163 1
B 49 167 1
B 49 177 1
B 49 182 2
B 49 187 1
B 49 198 1
B 49 203 1
B 49 210 1
B 49 211 2
B 49 216 1
B 49 224 1
B 49 242 1
B 49 251 1
B 49 253 1
B 49 254 1
B 49 260 2
B 49 267 1
B 49 285 1
B 49 288 1
B 49 293 1
B 49 301 1
B 49 305 1
B 49 309 1
B 49 320 1
B 49 337 1
B 49 353 1
B 49 363 1
B 49 396 1
B 49 406 1
B 49 409 1
B 49 422 1
B 49 429 2
B 49 450 1
B 49 451 1
B 49 458 2
B 49 477 1
B 49 502 2
