50
P 0 0.020
B 0 8 1
B 0 25 2
B 0 26 1
B 0 33 1
B 0 35 1
B 0 38 1
B 0 43 1
B 0 44 1
B 0 49 5
B 0 51 1
B 0 52 2
B 0 58 1
B 0 61 2
B 0 62 1
B 0 65 1
B 0 70 1
B 0 72 2
B 0 76 1
B 0 77 1
B 0 82 1
B 0 83 2
B 0 84 3
B 0 87 2
B 0 94 1
B 0 99 1
B 0 101 2
B 0 104 2
B 0 108 1
B 0 115 1
B 0 122 1
B 0 127 3
B 0 132 3
B 0 133 3
B 0 142 3
B 0 154 1
B 0 161 1
B 0 175 2
B 0 187 1
B 0 188 1
B 0 190 3
B 0 191 1
B 0 194 1
B 0 205 1
B 0 213 1
B 0 215 1
B 0 217 2
B 0 221 3
B 0 225 1
B 0 227 1
B 0 233 1
B 0 234 1
B 0 238 1
B 0 242 1
B 0 247 1
B 0 248 3
B 0 249 3
B 0 250 1
B 0 258 1
B 0 272 1
B 0 274 1
B 0 285 2
B 0 287 1
B 0 294 1
B 0 299 1
B 0 301 1
B 0 309 1
B 0 318 1
B 0 326 1
B 0 349 1
B 0 371 1
B 0 373 3
B 0 382 1
B 0 389 1
B 0 403 3
B 0 405 1
B 0 406 1
B 0 411 1
B 0 417 1
B 0 426 1
B 0 428 1
B 0 437 1
B 0 438 1
B 0 439 1
B 0 447 1
B 0 450 2
B 0 451 2
B 0 470 2
B 0 474 2
B 0 476 1
B 0 477 1
B 0 478 1
B 0 482 1
B 0 483 2
B 0 500 1
B 0 518 2
B 0 539 1
P 1 0.020
B 1 5 1
B 1 6 1
B 1 12 1
B 1 15 1
B 1 17 4
B 1 22 2
B 1 36 1
B 1 37 1
B 1 38 2
B 1 43 2
B 1 49 1
B 1 51 4
B 1 55 1
B 1 61 2
B 1 62 1
B 1 64 2
B 1 73 1
B 1 76 1
B 1 81 1
B 1 83 1
B 1 84 1
B 1 88 1
B 1 115 1
B 1 120 2
B 1 123 1
B 1 131 1
B 1 136 2
B 1 138 1
B 1 145 1
B 1 153 2
B 1 155 3
B 1 159 1
B 1 169 1
B 1 179 1
B 1 181 1
B 1 187 1
B 1 188 1
B 1 190 1
B 1 193 2
B 1 194 1
B 1 205 2
B 1 207 1
B 1 209 1
B 1 215 1
B 1 216 2
B 1 217 2
B 1 221 2
B 1 224 1
B 1 226 2
B 1 227 1
B 1 230 1
B 1 234 1
B 1 239 3
B 1 241 1
B 1 251 2
B 1 252 2
B 1 256 1
B 1 258 1
B 1 266 1
B 1 268 1
B 1 270 1
B 1 272 1
B 1 281 1
B 1 286 2
B 1 288 1
B 1 290 1
B 1 291 1
B 1 297 1
B 1 299 1
B 1 303 1
B 1 308 2
B 1 315 1
B 1 318 1
B 1 345 2
B 1 352 1
B 1 361 1
B 1 373 1
B 1 374 1
B 1 379 1
B 1 383 2
B 1 385 1
B 1 403 1
B 1 405 1
B 1 426 1
B 1 429 1
B 1 440 1
B 1 442 1
B 1 456 1
B 1 457 1
B 1 458 1
B 1 460 2
B 1 465 1
B 1 473 1
B 1 504 1
B 1 521 1
B 1 524 1
B 1 525 1
B 1 526 1
B 1 528 1
P 2 0.020
B 2 8 1
B 2 18 3
B 2 21 1
B 2 22 1
B 2 27 1
B 2 32 1
B 2 37 2
B 2 42 1
B 2 47 2
B 2 49 1
B 2 53 1
B 2 55 2
B 2 58 1
B 2 61 2
B 2 67 1
B 2 71 1
B 2 76 2
B 2 79 1
B 2 87 1
B 2 88 2
B 2 89 1
B 2 92 3
B 2 94 1
B 2 99 1
B 2 110 1
B 2 112 1
B 2 113 1
B 2 123 1
B 2 125 1
B 2 130 1
B 2 131 3
B 2 137 1
B 2 139 1
B 2 148 1
B 2 154 1
B 2 155 1
B 2 160 1
B 2 161 1
B 2 186 1
B 2 190 2
B 2 192 2
B 2 194 2
B 2 196 3
B 2 201 1
B 2 202 1
B 2 203 2
B 2 208 1
B 2 211 1
B 2 217 2
B 2 229 1
B 2 234 1
B 2 241 1
B 2 246 1
B 2 250 1
B 2 253 2
B 2 255 1
B 2 268 1
B 2 275 1
B 2 277 1
B 2 280 1
B 2 282 1
B 2 286 1
B 2 288 2
B 2 292 1
B 2 296 1
B 2 297 1
B 2 298 1
B 2 299 1
B 2 303 1
B 2 306 1
B 2 310 1
B 2 313 1
B 2 315 2
B 2 327 1
B 2 331 1
B 2 345 3
B 2 346 1
B 2 348 1
B 2 358 1
B 2 386 1
B 2 387 1
B 2 389 1
B 2 391 1
B 2 397 1
B 2 408 1
B 2 412 1
B 2 442 1
B 2 449 1
B 2 451 2
B 2 470 1
B 2 471 1
B 2 472 1
B 2 484 1
B 2 490 1
B 2 541 2
B 2 546 1
P 3 0.020
B 3 5 2
B 3 7 2
B 3 8 1
B 3 17 1
B 3 18 2
B 3 27 1
B 3 29 1
B 3 30 1
B 3 34 1
B 3 36 1
B 3 42 1
B 3 43 1
B 3 47 2
B 3 50 1
B 3 57 1
B 3 61 1
B 3 66 1
B 3 73 1
B 3 76 2
B 3 78 1
B 3 82 1
B 3 84 2
B 3 98 1
B 3 101 2
B 3 121 2
B 3 128 1
B 3 130 1
B 3 136 1
B 3 137 1
B 3 140 1
B 3 142 2
B 3 144 1
B 3 148 1
B 3 157 1
B 3 160 1
B 3 163 1
B 3 175 1
B 3 185 1
B 3 191 1
B 3 194 2
B 3 196 1
B 3 197 1
B 3 198 1
B 3 199 1
B 3 202 1
B 3 203 2
B 3 204 1
B 3 206 1
B 3 207 2
B 3 215 3
B 3 218 1
B 3 224 1
B 3 229 1
B 3 234 2
B 3 240 1
B 3 243 1
B 3 244 1
B 3 246 3
B 3 250 1
B 3 251 3
B 3 255 1
B 3 257 1
B 3 261 1
B 3 262 1
B 3 265 1
B 3 266 2
B 3 272 2
B 3 275 1
B 3 280 1
B 3 294 3
B 3 297 1
B 3 308 1
B 3 311 1
B 3 313 1
B 3 317 1
B 3 318 2
B 3 326 1
B 3 329 2
B 3 341 1
B 3 357 1
B 3 359 1
B 3 360 1
B 3 367 1
B 3 371 1
B 3 372 1
B 3 373 1
B 3 386 1
B 3 392 1
B 3 396 1
B 3 405 1
B 3 414 2
B 3 421 2
B 3 424 1
B 3 429 1
B 3 431 2
B 3 436 1
B 3 447 1
B 3 455 1
B 3 458 1
B 3 464 1
B 3 473 1
B 3 474 1
B 3 480 1
B 3 502 1
B 3 505 1
B 3 510 2
B 3 516 1
B 3 523 1
B 3 530 1
B 3 540 1
B 3 541 1
B 3 546 1
P 4 0.020
B 4 5 1
B 4 8 1
B 4 17 1
B 4 18 1
B 4 20 1
B 4 30 1
B 4 32 1
B 4 33 2
B 4 37 1
B 4 41 1
B 4 42 1
B 4 44 1
B 4 45 2
B 4 60 3
B 4 61 3
B 4 62 1
B 4 67 1
B 4 70 2
B 4 76 1
B 4 88 1
B 4 94 1
B 4 99 2
B 4 112 1
B 4 114 1
B 4 119 2
B 4 125 2
B 4 127 2
B 4 129 2
B 4 130 1
B 4 137 1
B 4 139 1
B 4 148 1
B 4 159 1
B 4 169 1
B 4 170 2
B 4 172 1
B 4 186 1
B 4 188 1
B 4 192 2
B 4 193 1
B 4 195 1
B 4 197 1
B 4 198 1
B 4 206 2
B 4 207 2
B 4 208 1
B 4 210 1
B 4 216 1
B 4 218 1
B 4 234 1
B 4 236 1
B 4 239 2
B 4 243 1
B 4 244 1
B 4 248 2
B 4 250 1
B 4 257 2
B 4 258 1
B 4 259 1
B 4 277 1
B 4 290 2
B 4 294 1
B 4 299 1
B 4 300 1
B 4 301 1
B 4 305 1
B 4 326 1
B 4 341 1
B 4 345 1
B 4 355 1
B 4 367 1
B 4 379 1
B 4 384 1
B 4 387 1
B 4 388 1
B 4 390 1
B 4 400 1
B 4 414 1
B 4 417 1
B 4 422 1
B 4 437 1
B 4 449 2
B 4 450 1
B 4 455 2
B 4 457 1
B 4 464 2
B 4 478 1
B 4 488 1
B 4 518 1
B 4 521 2
B 4 522 1
B 4 535 2
B 4 540 2
B 4 541 1
B 4 545 1
P 5 0.020
B 5 10 1
B 5 11 1
B 5 15 1
B 5 16 1
B 5 17 1
B 5 18 1
B 5 21 1
B 5 22 2
B 5 27 1
B 5 36 2
B 5 41 2
B 5 45 1
B 5 53 2
B 5 56 1
B 5 57 1
B 5 61 1
B 5 64 1
B 5 69 2
B 5 70 1
B 5 72 1
B 5 78 1
B 5 81 1
B 5 82 2
B 5 85 1
B 5 100 3
B 5 103 1
B 5 108 2
B 5 112 2
B 5 121 1
B 5 122 1
B 5 127 2
B 5 128 1
B 5 130 2
B 5 131 1
B 5 137 1
B 5 144 1
B 5 148 2
B 5 155 1
B 5 159 2
B 5 175 2
B 5 177 1
B 5 178 1
B 5 182 1
B 5 183 2
B 5 186 2
B 5 191 1
B 5 194 1
B 5 195 1
B 5 198 1
B 5 203 1
B 5 204 1
B 5 205 1
B 5 206 2
B 5 207 1
B 5 215 1
B 5 217 1
B 5 221 2
B 5 228 1
B 5 234 1
B 5 236 1
B 5 241 1
B 5 248 1
B 5 264 1
B 5 272 1
B 5 275 2
B 5 277 1
B 5 280 3
B 5 283 1
B 5 293 1
B 5 300 1
B 5 302 1
B 5 314 2
B 5 337 1
B 5 340 1
B 5 346 1
B 5 350 1
B 5 353 1
B 5 358 1
B 5 363 1
B 5 383 1
B 5 396 2
B 5 399 1
B 5 403 1
B 5 417 1
B 5 419 1
B 5 422 1
B 5 426 1
B 5 437 1
B 5 438 2
B 5 455 1
B 5 459 1
B 5 460 2
B 5 476 1
B 5 482 1
B 5 488 1
B 5 493 1
B 5 495 1
B 5 506 1
B 5 517 1
B 5 522 1
B 5 525 1
B 5 530 1
B 5 532 1
B 5 536 1
P 6 0.020
B 6 5 2
B 6 18 2
B 6 21 1
B 6 25 1
B 6 28 3
B 6 36 1
B 6 44 1
B 6 46 1
B 6 54 2
B 6 55 1
B 6 56 1
B 6 62 1
B 6 65 1
B 6 73 1
B 6 74 2
B 6 75 1
B 6 77 1
B 6 79 1
B 6 80 2
B 6 81 1
B 6 85 1
B 6 87 2
B 6 91 1
B 6 92 2
B 6 94 1
B 6 99 1
B 6 103 1
B 6 117 1
B 6 119 1
B 6 126 1
B 6 129 1
B 6 131 1
B 6 133 2
B 6 137 1
B 6 138 1
B 6 148 1
B 6 153 1
B 6 154 1
B 6 158 2
B 6 161 1
B 6 171 1
B 6 177 1
B 6 179 4
B 6 183 1
B 6 186 1
B 6 190 1
B 6 195 1
B 6 197 1
B 6 210 1
B 6 212 1
B 6 213 3
B 6 214 1
B 6 215 2
B 6 221 2
B 6 226 2
B 6 227 1
B 6 228 1
B 6 229 3
B 6 242 1
B 6 251 1
B 6 258 1
B 6 261 1
B 6 264 1
B 6 268 1
B 6 278 1
B 6 282 2
B 6 287 1
B 6 291 1
B 6 294 2
B 6 301 2
B 6 306 1
B 6 310 1
B 6 312 1
B 6 314 1
B 6 318 2
B 6 331 2
B 6 332 1
B 6 354 1
B 6 357 1
B 6 358 1
B 6 370 1
B 6 378 1
B 6 388 1
B 6 394 2
B 6 396 1
B 6 404 1
B 6 422 1
B 6 426 1
B 6 429 1
B 6 449 1
B 6 450 2
B 6 452 1
B 6 478 1
B 6 483 1
B 6 498 1
B 6 502 1
B 6 508 1
B 6 510 1
B 6 512 1
B 6 521 1
B 6 541 1
P 7 0.020
B 7 4 1
B 7 5 1
B 7 12 1
B 7 18 2
B 7 22 3
B 7 41 2
B 7 46 1
B 7 50 2
B 7 60 1
B 7 67 1
B 7 78 1
B 7 81 1
B 7 84 1
B 7 90 1
B 7 101 2
B 7 123 2
B 7 124 1
B 7 125 2
B 7 127 1
B 7 130 1
B 7 131 2
B 7 135 1
B 7 155 2
B 7 175 1
B 7 183 1
B 7 185 1
B 7 186 2
B 7 190 1
B 7 196 2
B 7 197 1
B 7 204 1
B 7 205 3
B 7 207 1
B 7 210 1
B 7 212 3
B 7 216 1
B 7 221 2
B 7 222 1
B 7 224 1
B 7 225 1
B 7 228 1
B 7 234 1
B 7 240 1
B 7 244 1
B 7 254 1
B 7 261 2
B 7 276 1
B 7 278 1
B 7 279 2
B 7 281 1
B 7 282 1
B 7 283 1
B 7 288 1
B 7 294 4
B 7 296 1
B 7 298 1
B 7 304 1
B 7 306 1
B 7 311 1
B 7 312 2
B 7 313 1
B 7 315 1
B 7 319 1
B 7 323 1
B 7 325 1
B 7 326 1
B 7 327 1
B 7 338 1
B 7 357 1
B 7 360 1
B 7 370 1
B 7 377 1
B 7 379 1
B 7 383 1
B 7 386 1
B 7 387 2
B 7 410 1
B 7 414 1
B 7 438 2
B 7 458 1
B 7 470 1
B 7 471 1
B 7 478 3
B 7 483 1
B 7 492 1
B 7 500 1
B 7 525 1
B 7 533 1
B 7 540 1
B 7 541 1
B 7 542 1
P 8 0.020
B 8 3 1
B 8 10 2
B 8 17 2
B 8 22 1
B 8 24 3
B 8 32 3
B 8 46 1
B 8 47 2
B 8 56 2
B 8 60 2
B 8 61 3
B 8 69 1
B 8 70 2
B 8 74 1
B 8 81 1
B 8 84 3
B 8 87 4
B 8 96 1
B 8 105 1
B 8 114 2
B 8 119 2
B 8 121 2
B 8 124 1
B 8 133 1
B 8 136 2
B 8 139 1
B 8 141 2
B 8 152 1
B 8 158 1
B 8 159 2
B 8 160 1
B 8 161 4
B 8 163 2
B 8 176 1
B 8 183 2
B 8 186 1
B 8 188 2
B 8 192 1
B 8 193 1
B 8 195 2
B 8 196 1
B 8 197 3
B 8 198 2
B 8 199 4
B 8 204 1
B 8 207 4
B 8 219 2
B 8 224 2
B 8 234 4
B 8 237 2
B 8 239 2
B 8 243 3
B 8 247 1
B 8 249 1
B 8 251 2
B 8 252 1
B 8 261 2
B 8 266 1
B 8 278 2
B 8 282 2
B 8 285 2
B 8 301 2
B 8 303 2
B 8 312 2
B 8 319 2
B 8 324 2
B 8 331 1
B 8 332 1
B 8 342 1
B 8 356 2
B 8 361 1
B 8 368 1
B 8 377 2
B 8 387 2
B 8 417 2
B 8 419 2
B 8 427 2
B 8 438 2
B 8 444 1
B 8 450 2
B 8 453 2
B 8 454 2
B 8 455 1
B 8 500 1
B 8 525 2
B 8 529 2
B 8 543 1
B 8 545 2
P 9 0.020
B 9 5 1
B 9 17 1
B 9 18 2
B 9 21 1
B 9 24 1
B 9 29 1
B 9 42 2
B 9 45 1
B 9 46 1
B 9 49 1
B 9 52 1
B 9 61 1
B 9 62 1
B 9 69 3
B 9 73 1
B 9 75 2
B 9 85 1
B 9 86 2
B 9 89 1
B 9 97 1
B 9 115 1
B 9 121 1
B 9 122 2
B 9 128 2
B 9 129 3
B 9 131 1
B 9 133 3
B 9 137 1
B 9 149 1
B 9 152 1
B 9 153 5
B 9 159 3
B 9 177 2
B 9 183 2
B 9 188 2
B 9 194 2
B 9 195 1
B 9 198 2
B 9 202 1
B 9 207 1
B 9 210 2
B 9 211 1
B 9 213 1
B 9 215 1
B 9 221 1
B 9 235 1
B 9 247 1
B 9 251 1
B 9 256 1
B 9 261 1
B 9 272 2
B 9 279 3
B 9 280 2
B 9 286 2
B 9 289 1
B 9 294 1
B 9 315 2
B 9 318 2
B 9 321 1
B 9 325 1
B 9 328 1
B 9 331 1
B 9 332 1
B 9 343 1
B 9 350 1
B 9 367 2
B 9 378 1
B 9 380 2
B 9 383 2
B 9 404 1
B 9 417 2
B 9 420 1
B 9 425 1
B 9 429 1
B 9 446 2
B 9 460 1
B 9 477 1
B 9 496 1
B 9 501 1
B 9 512 1
P 10 0.020
B 10 21 1
B 10 22 1
B 10 24 1
B 10 28 1
B 10 36 1
B 10 37 1
B 10 42 1
B 10 46 2
B 10 49 2
B 10 51 1
B 10 56 1
B 10 61 1
B 10 62 2
B 10 67 1
B 10 72 1
B 10 77 1
B 10 80 1
B 10 82 1
B 10 83 1
B 10 85 1
B 10 86 2
B 10 89 1
B 10 97 1
B 10 100 2
B 10 124 2
B 10 127 1
B 10 128 1
B 10 129 1
B 10 133 1
B 10 139 2
B 10 148 1
B 10 153 1
B 10 155 1
B 10 177 1
B 10 178 1
B 10 179 1
B 10 181 1
B 10 183 1
B 10 185 2
B 10 191 2
B 10 192 1
B 10 193 2
B 10 194 1
B 10 197 2
B 10 205 1
B 10 210 2
B 10 213 1
B 10 215 1
B 10 216 1
B 10 218 1
B 10 225 1
B 10 228 1
B 10 245 1
B 10 252 1
B 10 265 2
B 10 268 1
B 10 272 1
B 10 280 1
B 10 288 1
B 10 289 1
B 10 293 1
B 10 294 1
B 10 296 1
B 10 303 2
B 10 304 1
B 10 312 1
B 10 313 1
B 10 315 1
B 10 316 1
B 10 317 1
B 10 318 1
B 10 320 1
B 10 326 1
B 10 329 2
B 10 343 2
B 10 354 1
B 10 366 1
B 10 370 1
B 10 371 2
B 10 373 2
B 10 377 1
B 10 378 1
B 10 379 1
B 10 383 1
B 10 394 1
B 10 403 1
B 10 404 1
B 10 406 1
B 10 409 1
B 10 411 1
B 10 414 2
B 10 417 1
B 10 433 1
B 10 466 1
B 10 471 1
B 10 476 1
B 10 493 2
B 10 494 1
B 10 495 1
B 10 501 2
B 10 517 1
B 10 523 1
B 10 542 1
P 11 0.020
B 11 1 2
B 11 20 1
B 11 24 2
B 11 26 2
B 11 28 2
B 11 42 2
B 11 44 2
B 11 45 2
B 11 46 4
B 11 47 1
B 11 52 1
B 11 59 1
B 11 60 4
B 11 61 1
B 11 62 2
B 11 68 1
B 11 69 2
B 11 72 2
B 11 78 1
B 11 79 1
B 11 80 1
B 11 82 2
B 11 91 1
B 11 105 1
B 11 119 1
B 11 120 1
B 11 121 1
B 11 122 1
B 11 129 1
B 11 130 1
B 11 144 1
B 11 148 1
B 11 155 1
B 11 158 1
B 11 160 1
B 11 175 1
B 11 178 1
B 11 193 1
B 11 195 1
B 11 196 1
B 11 197 1
B 11 204 2
B 11 205 2
B 11 210 1
B 11 214 1
B 11 215 1
B 11 217 1
B 11 228 1
B 11 234 2
B 11 237 1
B 11 241 1
B 11 249 1
B 11 253 2
B 11 256 1
B 11 260 2
B 11 262 1
B 11 275 1
B 11 284 1
B 11 298 1
B 11 305 1
B 11 308 1
B 11 310 2
B 11 320 1
B 11 321 1
B 11 328 2
B 11 340 1
B 11 341 1
B 11 342 1
B 11 343 2
B 11 350 1
B 11 361 3
B 11 370 1
B 11 377 2
B 11 384 1
B 11 388 1
B 11 403 3
B 11 417 2
B 11 437 1
B 11 438 2
B 11 440 3
B 11 454 1
B 11 455 2
B 11 460 2
B 11 462 2
B 11 472 2
B 11 480 1
B 11 508 1
B 11 512 1
B 11 515 2
B 11 517 1
B 11 545 2
P 12 0.020
B 12 5 1
B 12 7 1
B 12 16 1
B 12 18 1
B 12 22 1
B 12 31 1
B 12 34 1
B 12 46 1
B 12 50 3
B 12 61 3
B 12 71 1
B 12 72 4
B 12 80 1
B 12 96 1
B 12 97 1
B 12 98 1
B 12 99 1
B 12 100 1
B 12 103 2
B 12 122 1
B 12 127 1
B 12 133 1
B 12 137 1
B 12 142 1
B 12 145 1
B 12 153 3
B 12 160 1
B 12 177 4
B 12 190 2
B 12 195 1
B 12 197 3
B 12 205 1
B 12 208 1
B 12 210 5
B 12 211 1
B 12 213 1
B 12 215 1
B 12 216 2
B 12 222 1
B 12 225 1
B 12 228 1
B 12 241 2
B 12 242 1
B 12 243 1
B 12 249 2
B 12 250 1
B 12 254 1
B 12 257 1
B 12 263 1
B 12 272 1
B 12 277 3
B 12 280 2
B 12 288 2
B 12 292 1
B 12 294 1
B 12 308 1
B 12 311 2
B 12 317 1
B 12 318 1
B 12 319 1
B 12 328 1
B 12 361 5
B 12 373 1
B 12 374 2
B 12 380 1
B 12 382 1
B 12 383 2
B 12 392 1
B 12 403 1
B 12 422 1
B 12 426 1
B 12 427 1
B 12 435 2
B 12 440 1
B 12 445 1
B 12 469 1
B 12 470 1
B 12 495 1
B 12 501 1
B 12 502 2
B 12 522 1
B 12 545 1
P 13 0.020
B 13 7 1
B 13 9 2
B 13 17 1
B 13 21 1
B 13 39 1
B 13 42 1
B 13 43 1
B 13 49 2
B 13 50 1
B 13 57 1
B 13 60 1
B 13 67 1
B 13 69 1
B 13 75 2
B 13 76 1
B 13 89 1
B 13 90 1
B 13 94 2
B 13 104 1
B 13 116 1
B 13 119 1
B 13 121 1
B 13 122 1
B 13 124 1
B 13 126 2
B 13 128 1
B 13 133 1
B 13 144 1
B 13 148 1
B 13 153 1
B 13 154 1
B 13 161 1
B 13 166 1
B 13 177 1
B 13 178 2
B 13 179 1
B 13 181 1
B 13 183 1
B 13 195 2
B 13 198 1
B 13 216 1
B 13 218 1
B 13 221 2
B 13 227 2
B 13 228 1
B 13 229 1
B 13 234 1
B 13 240 1
B 13 254 2
B 13 259 1
B 13 261 1
B 13 272 2
B 13 282 2
B 13 283 1
B 13 294 2
B 13 303 1
B 13 310 2
B 13 314 1
B 13 322 2
B 13 323 1
B 13 325 1
B 13 328 1
B 13 332 1
B 13 337 1
B 13 339 1
B 13 365 2
B 13 367 1
B 13 370 1
B 13 378 1
B 13 380 1
B 13 388 1
B 13 400 2
B 13 416 1
B 13 425 1
B 13 429 2
B 13 440 2
B 13 450 1
B 13 481 1
B 13 483 1
B 13 501 1
B 13 536 1
P 14 0.020
B 14 8 1
B 14 24 1
B 14 41 1
B 14 42 1
B 14 44 2
B 14 46 2
B 14 50 1
B 14 54 1
B 14 60 1
B 14 70 1
B 14 72 2
B 14 77 1
B 14 92 1
B 14 97 1
B 14 104 1
B 14 122 1
B 14 123 1
B 14 124 1
B 14 129 1
B 14 133 1
B 14 140 2
B 14 141 1
B 14 154 2
B 14 155 2
B 14 156 2
B 14 157 1
B 14 160 2
B 14 170 1
B 14 171 1
B 14 181 1
B 14 183 3
B 14 193 3
B 14 204 1
B 14 207 1
B 14 209 1
B 14 216 2
B 14 233 1
B 14 235 1
B 14 237 1
B 14 238 1
B 14 239 1
B 14 250 1
B 14 252 1
B 14 255 1
B 14 264 1
B 14 271 1
B 14 272 1
B 14 282 1
B 14 291 1
B 14 294 2
B 14 296 1
B 14 299 2
B 14 302 1
B 14 309 1
B 14 314 1
B 14 327 1
B 14 350 1
B 14 353 1
B 14 358 1
B 14 373 2
B 14 380 1
B 14 383 1
B 14 384 1
B 14 388 1
B 14 392 1
B 14 403 1
B 14 416 1
B 14 438 1
B 14 440 1
B 14 442 2
B 14 444 1
B 14 450 1
B 14 457 1
B 14 460 1
B 14 472 2
B 14 495 1
B 14 517 1
B 14 532 2
P 15 0.020
B 15 7 1
B 15 8 1
B 15 21 2
B 15 28 1
B 15 33 1
B 15 42 1
B 15 48 1
B 15 49 1
B 15 50 1
B 15 51 1
B 15 53 1
B 15 60 2
B 15 75 1
B 15 76 2
B 15 81 1
B 15 83 2
B 15 84 1
B 15 85 1
B 15 90 4
B 15 97 1
B 15 104 2
B 15 114 1
B 15 121 1
B 15 125 1
B 15 126 1
B 15 137 1
B 15 144 1
B 15 158 1
B 15 173 2
B 15 177 2
B 15 179 2
B 15 181 3
B 15 195 2
B 15 196 2
B 15 203 2
B 15 205 1
B 15 207 1
B 15 221 2
B 15 222 2
B 15 224 1
B 15 237 2
B 15 238 1
B 15 241 2
B 15 244 1
B 15 251 2
B 15 253 1
B 15 266 1
B 15 273 1
B 15 294 5
B 15 296 1
B 15 301 1
B 15 314 1
B 15 315 1
B 15 326 1
B 15 329 1
B 15 330 2
B 15 339 2
B 15 341 1
B 15 350 1
B 15 352 1
B 15 353 1
B 15 355 1
B 15 366 3
B 15 370 2
B 15 374 2
B 15 396 1
B 15 408 1
B 15 409 1
B 15 412 1
B 15 414 1
B 15 419 1
B 15 420 1
B 15 426 1
B 15 429 1
B 15 440 1
B 15 442 1
B 15 454 2
B 15 461 2
B 15 511 1
B 15 514 1
B 15 521 1
B 15 525 1
P 16 0.020
B 16 2 1
B 16 7 1
B 16 8 1
B 16 9 1
B 16 16 1
B 16 18 1
B 16 22 2
B 16 26 1
B 16 44 2
B 16 45 1
B 16 53 2
B 16 55 1
B 16 57 2
B 16 68 1
B 16 72 1
B 16 76 2
B 16 89 1
B 16 94 1
B 16 97 1
B 16 101 1
B 16 104 1
B 16 114 2
B 16 126 2
B 16 135 1
B 16 137 1
B 16 142 2
B 16 148 1
B 16 152 2
B 16 153 1
B 16 154 2
B 16 174 1
B 16 177 1
B 16 178 1
B 16 183 1
B 16 191 2
B 16 192 1
B 16 193 1
B 16 196 1
B 16 199 1
B 16 203 1
B 16 209 1
B 16 213 3
B 16 215 2
B 16 218 2
B 16 221 1
B 16 222 2
B 16 223 1
B 16 228 1
B 16 236 1
B 16 237 1
B 16 241 1
B 16 246 1
B 16 249 1
B 16 251 2
B 16 253 1
B 16 255 1
B 16 256 1
B 16 262 1
B 16 268 1
B 16 272 2
B 16 283 1
B 16 289 1
B 16 291 1
B 16 293 1
B 16 297 1
B 16 298 1
B 16 299 2
B 16 309 2
B 16 310 1
B 16 311 1
B 16 325 1
B 16 328 1
B 16 349 1
B 16 360 1
B 16 361 1
B 16 400 4
B 16 406 1
B 16 424 1
B 16 446 1
B 16 449 2
B 16 464 2
B 16 469 1
B 16 473 1
B 16 474 1
B 16 482 1
B 16 484 1
B 16 526 1
B 16 532 1
B 16 547 1
P 17 0.020
B 17 1 1
B 17 7 1
B 17 14 1
B 17 17 1
B 17 18 1
B 17 21 1
B 17 22 2
B 17 32 1
B 17 33 2
B 17 36 1
B 17 41 1
B 17 42 1
B 17 43 1
B 17 45 1
B 17 46 1
B 17 50 4
B 17 56 1
B 17 62 2
B 17 69 1
B 17 71 2
B 17 76 1
B 17 78 1
B 17 84 1
B 17 90 2
B 17 95 1
B 17 100 3
B 17 101 1
B 17 119 1
B 17 131 1
B 17 138 1
B 17 142 1
B 17 147 1
B 17 151 2
B 17 153 4
B 17 160 2
B 17 162 2
B 17 174 1
B 17 177 1
B 17 179 1
B 17 190 2
B 17 193 1
B 17 201 1
B 17 203 1
B 17 209 2
B 17 212 2
B 17 214 1
B 17 216 2
B 17 221 1
B 17 226 2
B 17 227 1
B 17 235 2
B 17 239 2
B 17 248 1
B 17 249 1
B 17 251 1
B 17 253 2
B 17 258 1
B 17 259 2
B 17 274 1
B 17 275 2
B 17 277 1
B 17 290 1
B 17 294 1
B 17 298 1
B 17 304 1
B 17 305 1
B 17 308 1
B 17 312 1
B 17 315 1
B 17 318 1
B 17 323 1
B 17 337 1
B 17 341 1
B 17 344 1
B 17 353 1
B 17 360 1
B 17 361 3
B 17 364 2
B 17 367 1
B 17 375 1
B 17 378 2
B 17 392 1
B 17 400 1
B 17 410 2
B 17 416 2
B 17 422 1
B 17 434 2
B 17 438 2
B 17 440 1
B 17 446 1
B 17 450 1
B 17 455 1
B 17 472 2
B 17 483 1
B 17 494 1
B 17 500 1
B 17 516 1
B 17 521 1
B 17 527 1
B 17 541 2
P 18 0.020
B 18 7 2
B 18 17 2
B 18 18 1
B 18 35 1
B 18 36 1
B 18 42 2
B 18 47 1
B 18 48 2
B 18 57 1
B 18 61 1
B 18 64 1
B 18 68 1
B 18 70 1
B 18 71 1
B 18 72 2
B 18 73 1
B 18 75 2
B 18 77 1
B 18 78 1
B 18 82 1
B 18 92 1
B 18 93 1
B 18 97 2
B 18 99 1
B 18 103 1
B 18 117 1
B 18 119 2
B 18 123 1
B 18 126 1
B 18 128 1
B 18 130 1
B 18 133 1
B 18 137 1
B 18 148 1
B 18 150 1
B 18 152 1
B 18 154 2
B 18 155 3
B 18 156 2
B 18 168 2
B 18 181 1
B 18 188 2
B 18 190 1
B 18 193 1
B 18 202 1
B 18 205 4
B 18 207 1
B 18 208 1
B 18 210 1
B 18 215 1
B 18 218 1
B 18 219 1
B 18 221 3
B 18 228 1
B 18 240 1
B 18 250 1
B 18 252 1
B 18 253 1
B 18 255 2
B 18 258 2
B 18 259 2
B 18 261 1
B 18 267 1
B 18 272 1
B 18 290 1
B 18 294 2
B 18 297 2
B 18 301 1
B 18 308 1
B 18 311 1
B 18 312 1
B 18 315 1
B 18 339 1
B 18 340 1
B 18 341 2
B 18 355 1
B 18 370 2
B 18 371 1
B 18 381 1
B 18 383 2
B 18 389 1
B 18 394 1
B 18 408 2
B 18 438 1
B 18 457 1
B 18 460 1
B 18 473 1
B 18 487 1
B 18 493 1
B 18 500 2
B 18 512 1
B 18 513 1
B 18 518 1
B 18 527 1
B 18 541 2
B 18 545 1
P 19 0.020
B 19 7 1
B 19 8 1
B 19 22 2
B 19 24 1
B 19 26 2
B 19 29 2
B 19 42 1
B 19 44 1
B 19 47 1
B 19 53 1
B 19 57 1
B 19 62 1
B 19 64 1
B 19 72 1
B 19 74 1
B 19 76 1
B 19 79 1
B 19 81 1
B 19 104 2
B 19 121 2
B 19 122 2
B 19 123 6
B 19 124 1
B 19 128 1
B 19 136 1
B 19 138 1
B 19 142 2
B 19 179 1
B 19 180 1
B 19 187 1
B 19 192 2
B 19 194 1
B 19 196 1
B 19 197 2
B 19 198 1
B 19 202 1
B 19 206 1
B 19 212 1
B 19 213 2
B 19 215 1
B 19 217 2
B 19 218 1
B 19 219 1
B 19 225 1
B 19 226 1
B 19 228 1
B 19 242 1
B 19 250 1
B 19 253 1
B 19 262 2
B 19 277 1
B 19 282 1
B 19 286 2
B 19 288 1
B 19 290 2
B 19 294 4
B 19 301 1
B 19 302 1
B 19 303 1
B 19 315 2
B 19 317 2
B 19 318 3
B 19 331 1
B 19 343 1
B 19 350 1
B 19 370 1
B 19 400 2
B 19 403 1
B 19 408 1
B 19 414 1
B 19 420 2
B 19 421 1
B 19 438 2
B 19 440 1
B 19 452 1
B 19 461 1
B 19 469 1
B 19 474 1
B 19 476 2
B 19 496 1
B 19 499 1
B 19 505 1
B 19 515 1
B 19 518 1
B 19 521 1
B 19 539 1
B 19 541 1
B 19 548 1
P 20 0.020
B 20 7 1
B 20 25 1
B 20 32 1
B 20 41 2
B 20 42 1
B 20 46 1
B 20 48 1
B 20 49 1
B 20 51 1
B 20 52 1
B 20 61 1
B 20 62 1
B 20 76 1
B 20 77 1
B 20 80 1
B 20 84 1
B 20 86 2
B 20 94 1
B 20 100 1
B 20 106 2
B 20 109 1
B 20 119 1
B 20 123 1
B 20 125 1
B 20 126 1
B 20 130 1
B 20 132 1
B 20 153 1
B 20 154 2
B 20 156 1
B 20 159 2
B 20 160 1
B 20 161 1
B 20 177 1
B 20 179 1
B 20 181 1
B 20 187 2
B 20 190 1
B 20 197 2
B 20 200 1
B 20 203 1
B 20 204 1
B 20 214 1
B 20 217 1
B 20 219 2
B 20 221 1
B 20 227 1
B 20 233 1
B 20 239 1
B 20 254 1
B 20 255 1
B 20 256 2
B 20 269 1
B 20 277 1
B 20 280 2
B 20 284 1
B 20 293 1
B 20 298 1
B 20 318 1
B 20 332 2
B 20 348 1
B 20 386 2
B 20 404 1
B 20 415 1
B 20 429 1
B 20 437 4
B 20 440 2
B 20 451 1
B 20 484 3
B 20 494 1
B 20 504 1
B 20 521 2
P 21 0.020
B 21 3 1
B 21 15 1
B 21 18 1
B 21 21 2
B 21 26 1
B 21 27 1
B 21 31 2
B 21 32 2
B 21 33 1
B 21 34 1
B 21 38 2
B 21 42 2
B 21 43 1
B 21 54 1
B 21 60 1
B 21 62 1
B 21 64 1
B 21 65 1
B 21 72 3
B 21 78 1
B 21 79 1
B 21 83 1
B 21 91 2
B 21 93 1
B 21 97 1
B 21 98 1
B 21 105 1
B 21 120 1
B 21 121 2
B 21 127 2
B 21 131 1
B 21 135 2
B 21 137 3
B 21 155 1
B 21 158 2
B 21 159 1
B 21 160 1
B 21 163 1
B 21 164 1
B 21 178 1
B 21 179 1
B 21 187 2
B 21 191 1
B 21 192 1
B 21 193 1
B 21 194 1
B 21 197 1
B 21 202 1
B 21 206 1
B 21 213 1
B 21 220 1
B 21 221 2
B 21 246 2
B 21 250 2
B 21 254 1
B 21 258 1
B 21 272 1
B 21 276 2
B 21 277 1
B 21 278 1
B 21 286 1
B 21 292 2
B 21 294 1
B 21 319 4
B 21 341 1
B 21 342 1
B 21 361 1
B 21 373 2
B 21 380 1
B 21 392 1
B 21 400 2
B 21 405 2
B 21 416 1
B 21 417 1
B 21 420 1
B 21 437 1
B 21 438 3
B 21 450 1
B 21 457 1
B 21 470 1
B 21 500 1
B 21 501 1
P 22 0.020
B 22 8 1
B 22 11 1
B 22 17 1
B 22 18 1
B 22 38 1
B 22 45 3
B 22 46 1
B 22 49 2
B 22 54 1
B 22 61 1
B 22 67 1
B 22 72 1
B 22 81 1
B 22 90 1
B 22 98 1
B 22 115 2
B 22 120 1
B 22 122 1
B 22 128 1
B 22 129 1
B 22 131 3
B 22 132 1
B 22 135 1
B 22 138 2
B 22 140 1
B 22 144 1
B 22 151 2
B 22 153 2
B 22 155 1
B 22 158 1
B 22 159 1
B 22 178 2
B 22 183 1
B 22 185 1
B 22 189 1
B 22 190 1
B 22 191 1
B 22 194 1
B 22 202 1
B 22 204 2
B 22 211 1
B 22 212 1
B 22 213 1
B 22 226 2
B 22 230 1
B 22 234 1
B 22 242 1
B 22 250 1
B 22 276 1
B 22 280 2
B 22 283 1
B 22 294 1
B 22 302 1
B 22 314 2
B 22 319 1
B 22 321 1
B 22 342 1
B 22 346 1
B 22 361 2
B 22 370 1
B 22 372 1
B 22 375 2
B 22 383 2
B 22 387 1
B 22 388 2
B 22 412 1
B 22 422 1
B 22 424 1
B 22 433 1
B 22 437 2
B 22 440 2
B 22 453 1
B 22 454 1
B 22 460 1
B 22 475 1
B 22 477 1
B 22 482 2
B 22 484 1
B 22 495 1
B 22 497 3
B 22 522 1
P 23 0.020
B 23 7 1
B 23 24 1
B 23 25 1
B 23 37 1
B 23 44 1
B 23 45 1
B 23 47 1
B 23 57 1
B 23 60 1
B 23 64 1
B 23 68 2
B 23 75 1
B 23 76 1
B 23 81 1
B 23 85 1
B 23 89 1
B 23 98 1
B 23 104 2
B 23 109 1
B 23 115 1
B 23 123 1
B 23 126 1
B 23 127 2
B 23 144 1
B 23 153 1
B 23 158 1
B 23 159 3
B 23 186 2
B 23 188 1
B 23 196 2
B 23 205 4
B 23 206 1
B 23 213 2
B 23 216 1
B 23 219 1
B 23 228 1
B 23 234 1
B 23 237 2
B 23 238 1
B 23 246 1
B 23 259 1
B 23 262 2
B 23 268 1
B 23 275 1
B 23 283 2
B 23 296 1
B 23 309 1
B 23 326 1
B 23 344 1
B 23 349 1
B 23 373 2
B 23 381 1
B 23 382 1
B 23 388 1
B 23 408 1
B 23 414 1
B 23 418 1
B 23 422 1
B 23 429 1
B 23 438 1
B 23 440 2
B 23 464 1
B 23 467 1
B 23 477 1
B 23 482 1
B 23 500 1
B 23 502 1
B 23 512 1
B 23 516 1
B 23 517 1
B 23 519 1
B 23 524 2
P 24 0.020
B 24 15 1
B 24 19 1
B 24 22 1
B 24 27 1
B 24 39 1
B 24 44 1
B 24 45 1
B 24 47 3
B 24 54 2
B 24 62 1
B 24 72 1
B 24 76 1
B 24 85 3
B 24 87 3
B 24 92 1
B 24 97 1
B 24 100 1
B 24 105 1
B 24 116 1
B 24 119 2
B 24 123 1
B 24 131 1
B 24 135 2
B 24 154 1
B 24 155 1
B 24 156 1
B 24 174 1
B 24 181 2
B 24 182 1
B 24 183 1
B 24 190 2
B 24 191 1
B 24 192 1
B 24 197 1
B 24 208 3
B 24 211 2
B 24 212 3
B 24 215 1
B 24 216 1
B 24 219 1
B 24 234 1
B 24 239 1
B 24 243 1
B 24 245 2
B 24 246 1
B 24 255 1
B 24 266 1
B 24 272 2
B 24 287 3
B 24 289 1
B 24 290 2
B 24 292 1
B 24 316 1
B 24 331 2
B 24 352 3
B 24 353 1
B 24 373 1
B 24 377 1
B 24 382 2
B 24 383 1
B 24 407 1
B 24 416 2
B 24 423 1
B 24 424 1
B 24 426 1
B 24 429 1
B 24 448 1
B 24 450 1
B 24 454 1
B 24 458 2
B 24 470 1
B 24 474 1
B 24 482 2
B 24 490 1
B 24 496 1
B 24 501 1
B 24 507 3
B 24 518 1
B 24 525 2
B 24 547 1
P 25 0.020
B 25 6 1
B 25 8 2
B 25 18 1
B 25 21 2
B 25 22 1
B 25 24 1
B 25 38 2
B 25 50 2
B 25 51 2
B 25 60 1
B 25 70 1
B 25 73 2
B 25 75 1
B 25 81 1
B 25 83 1
B 25 90 1
B 25 92 1
B 25 100 2
B 25 103 1
B 25 108 1
B 25 114 1
B 25 119 1
B 25 123 1
B 25 129 1
B 25 133 1
B 25 137 1
B 25 138 2
B 25 144 1
B 25 158 1
B 25 161 1
B 25 174 1
B 25 176 2
B 25 185 1
B 25 194 1
B 25 197 1
B 25 200 1
B 25 203 2
B 25 205 2
B 25 214 1
B 25 219 1
B 25 221 2
B 25 234 4
B 25 236 1
B 25 253 1
B 25 279 1
B 25 286 1
B 25 301 4
B 25 308 2
B 25 323 1
B 25 349 1
B 25 362 1
B 25 412 1
B 25 420 2
B 25 438 1
B 25 440 1
B 25 464 1
B 25 522 1
P 26 0.020
B 26 0 1
B 26 3 2
B 26 8 1
B 26 20 1
B 26 21 1
B 26 24 2
B 26 28 3
B 26 39 1
B 26 41 3
B 26 44 1
B 26 45 1
B 26 49 1
B 26 50 1
B 26 54 1
B 26 60 3
B 26 64 1
B 26 67 1
B 26 72 1
B 26 73 1
B 26 74 2
B 26 75 1
B 26 76 2
B 26 77 1
B 26 79 1
B 26 83 1
B 26 85 1
B 26 87 4
B 26 90 3
B 26 91 3
B 26 94 1
B 26 99 1
B 26 125 1
B 26 126 2
B 26 130 1
B 26 135 1
B 26 146 1
B 26 153 1
B 26 155 1
B 26 156 1
B 26 158 1
B 26 159 1
B 26 161 2
B 26 179 1
B 26 182 1
B 26 183 1
B 26 184 1
B 26 188 1
B 26 191 1
B 26 193 2
B 26 194 1
B 26 197 1
B 26 199 1
B 26 204 2
B 26 212 1
B 26 217 2
B 26 221 2
B 26 222 2
B 26 230 1
B 26 237 1
B 26 241 1
B 26 246 1
B 26 248 1
B 26 251 1
B 26 258 1
B 26 262 1
B 26 267 1
B 26 275 2
B 26 278 1
B 26 294 1
B 26 303 1
B 26 313 1
B 26 325 1
B 26 359 1
B 26 370 1
B 26 380 1
B 26 404 2
B 26 414 1
B 26 420 1
B 26 422 1
B 26 424 1
B 26 426 1
B 26 438 1
B 26 449 1
B 26 454 1
B 26 470 1
B 26 487 2
B 26 521 1
B 26 525 1
P 27 0.020
B 27 1 2
B 27 7 1
B 27 17 1
B 27 18 1
B 27 21 1
B 27 28 1
B 27 37 1
B 27 41 2
B 27 43 1
B 27 44 1
B 27 47 2
B 27 54 2
B 27 62 1
B 27 72 1
B 27 75 1
B 27 78 2
B 27 85 1
B 27 108 2
B 27 119 1
B 27 126 1
B 27 128 1
B 27 129 2
B 27 130 1
B 27 137 2
B 27 148 1
B 27 153 1
B 27 155 1
B 27 174 3
B 27 177 2
B 27 181 1
B 27 186 2
B 27 190 3
B 27 199 1
B 27 202 1
B 27 203 1
B 27 205 1
B 27 211 2
B 27 213 2
B 27 214 2
B 27 218 1
B 27 231 1
B 27 234 1
B 27 236 2
B 27 241 1
B 27 247 1
B 27 253 1
B 27 256 1
B 27 260 1
B 27 286 1
B 27 289 2
B 27 292 1
B 27 297 1
B 27 299 1
B 27 301 1
B 27 302 2
B 27 306 1
B 27 309 2
B 27 311 1
B 27 313 1
B 27 327 1
B 27 343 1
B 27 348 2
B 27 349 2
B 27 350 1
B 27 353 1
B 27 355 2
B 27 371 1
B 27 385 1
B 27 387 2
B 27 388 1
B 27 396 2
B 27 406 1
B 27 416 1
B 27 417 2
B 27 426 2
B 27 434 1
B 27 440 1
B 27 447 1
B 27 448 2
B 27 451 1
B 27 453 1
B 27 457 1
B 27 493 1
B 27 496 2
B 27 511 2
B 27 518 2
B 27 524 1
B 27 528 2
P 28 0.020
B 28 5 2
B 28 17 1
B 28 18 1
B 28 21 1
B 28 24 1
B 28 29 1
B 28 38 1
B 28 46 2
B 28 49 1
B 28 57 1
B 28 60 1
B 28 61 1
B 28 62 1
B 28 64 2
B 28 68 1
B 28 71 2
B 28 72 1
B 28 76 2
B 28 84 2
B 28 85 2
B 28 88 1
B 28 91 1
B 28 101 1
B 28 114 1
B 28 122 3
B 28 123 1
B 28 127 1
B 28 128 1
B 28 137 1
B 28 148 2
B 28 155 1
B 28 159 1
B 28 163 1
B 28 181 1
B 28 194 1
B 28 203 1
B 28 208 2
B 28 209 2
B 28 212 2
B 28 216 1
B 28 218 1
B 28 224 1
B 28 234 2
B 28 236 2
B 28 242 1
B 28 244 2
B 28 246 1
B 28 247 1
B 28 252 1
B 28 254 1
B 28 258 1
B 28 269 1
B 28 294 2
B 28 306 1
B 28 313 2
B 28 319 1
B 28 345 1
B 28 346 1
B 28 353 1
B 28 366 1
B 28 373 1
B 28 378 1
B 28 385 1
B 28 396 1
B 28 400 1
B 28 401 1
B 28 410 1
B 28 417 1
B 28 426 1
B 28 428 3
B 28 437 1
B 28 439 1
B 28 440 1
B 28 460 1
B 28 470 1
B 28 471 1
B 28 482 1
B 28 495 1
B 28 501 1
B 28 506 1
B 28 508 1
P 29 0.020
B 29 18 2
B 29 24 1
B 29 28 1
B 29 38 1
B 29 50 1
B 29 57 1
B 29 60 1
B 29 62 1
B 29 64 1
B 29 66 1
B 29 75 1
B 29 78 1
B 29 88 1
B 29 89 1
B 29 99 2
B 29 119 2
B 29 122 1
B 29 123 2
B 29 125 2
B 29 130 1
B 29 142 2
B 29 177 1
B 29 178 1
B 29 184 1
B 29 186 1
B 29 187 1
B 29 193 2
B 29 194 1
B 29 195 1
B 29 197 1
B 29 198 1
B 29 209 1
B 29 212 3
B 29 213 1
B 29 218 1
B 29 225 1
B 29 237 2
B 29 240 2
B 29 243 1
B 29 249 2
B 29 250 2
B 29 251 1
B 29 255 2
B 29 261 1
B 29 268 2
B 29 277 1
B 29 280 1
B 29 283 1
B 29 287 1
B 29 293 1
B 29 294 2
B 29 300 2
B 29 306 2
B 29 308 1
B 29 316 1
B 29 320 1
B 29 331 1
B 29 354 1
B 29 361 1
B 29 381 1
B 29 384 1
B 29 403 1
B 29 405 1
B 29 411 1
B 29 412 1
B 29 428 1
B 29 438 1
B 29 453 1
B 29 460 1
B 29 483 2
B 29 491 1
B 29 495 1
B 29 501 1
B 29 536 1
P 30 0.020
B 30 0 2
B 30 8 1
B 30 12 1
B 30 17 1
B 30 22 1
B 30 33 1
B 30 38 2
B 30 41 1
B 30 44 2
B 30 49 1
B 30 60 1
B 30 74 1
B 30 75 1
B 30 82 1
B 30 87 2
B 30 89 1
B 30 99 1
B 30 111 1
B 30 122 1
B 30 126 1
B 30 129 2
B 30 132 1
B 30 133 1
B 30 134 2
B 30 142 1
B 30 152 1
B 30 155 2
B 30 170 1
B 30 177 1
B 30 181 2
B 30 185 1
B 30 187 2
B 30 188 1
B 30 190 1
B 30 194 2
B 30 196 1
B 30 198 1
B 30 207 1
B 30 210 2
B 30 225 2
B 30 227 2
B 30 229 1
B 30 238 1
B 30 244 1
B 30 250 1
B 30 257 1
B 30 258 3
B 30 266 1
B 30 267 1
B 30 269 2
B 30 271 1
B 30 278 1
B 30 282 1
B 30 292 3
B 30 298 1
B 30 299 1
B 30 309 2
B 30 315 1
B 30 348 1
B 30 349 1
B 30 364 1
B 30 374 1
B 30 383 2
B 30 384 2
B 30 386 1
B 30 387 1
B 30 388 1
B 30 401 1
B 30 403 1
B 30 410 1
B 30 418 1
B 30 420 1
B 30 435 1
B 30 438 1
B 30 451 1
B 30 452 1
B 30 461 1
B 30 484 1
B 30 495 1
B 30 496 1
B 30 514 2
B 30 530 2
P 31 0.020
B 31 8 1
B 31 21 1
B 31 22 1
B 31 27 2
B 31 34 1
B 31 43 1
B 31 47 2
B 31 50 1
B 31 60 1
B 31 64 2
B 31 67 1
B 31 72 2
B 31 73 1
B 31 75 1
B 31 76 1
B 31 87 1
B 31 96 1
B 31 126 1
B 31 127 1
B 31 128 2
B 31 130 1
B 31 134 1
B 31 140 3
B 31 144 1
B 31 150 1
B 31 154 1
B 31 160 1
B 31 162 1
B 31 170 1
B 31 175 1
B 31 179 2
B 31 181 1
B 31 186 1
B 31 187 2
B 31 190 2
B 31 194 1
B 31 197 2
B 31 198 1
B 31 202 1
B 31 203 2
B 31 211 1
B 31 213 2
B 31 215 2
B 31 217 1
B 31 221 1
B 31 222 1
B 31 228 3
B 31 233 1
B 31 234 1
B 31 237 1
B 31 240 1
B 31 243 1
B 31 244 2
B 31 245 2
B 31 258 1
B 31 268 1
B 31 272 1
B 31 275 2
B 31 280 1
B 31 294 1
B 31 299 1
B 31 319 1
B 31 320 1
B 31 323 1
B 31 329 1
B 31 341 1
B 31 359 2
B 31 365 1
B 31 381 1
B 31 383 1
B 31 400 1
B 31 404 1
B 31 407 1
B 31 412 1
B 31 418 1
B 31 445 1
B 31 446 1
B 31 453 1
B 31 457 2
B 31 461 1
B 31 470 2
B 31 541 2
P 32 0.020
B 32 6 1
B 32 11 2
B 32 32 2
B 32 34 1
B 32 41 2
B 32 44 1
B 32 46 1
B 32 47 1
B 32 52 2
B 32 60 1
B 32 62 1
B 32 63 1
B 32 65 1
B 32 68 1
B 32 69 1
B 32 71 2
B 32 74 2
B 32 78 1
B 32 81 2
B 32 82 2
B 32 86 2
B 32 91 1
B 32 93 1
B 32 108 1
B 32 121 2
B 32 124 1
B 32 126 1
B 32 128 1
B 32 129 1
B 32 130 1
B 32 149 1
B 32 151 1
B 32 156 2
B 32 159 1
B 32 178 1
B 32 183 1
B 32 185 1
B 32 190 3
B 32 194 1
B 32 198 1
B 32 199 1
B 32 202 1
B 32 208 2
B 32 210 1
B 32 212 2
B 32 214 2
B 32 215 1
B 32 223 1
B 32 228 1
B 32 231 1
B 32 234 4
B 32 244 3
B 32 249 3
B 32 250 1
B 32 254 2
B 32 257 2
B 32 262 1
B 32 278 3
B 32 281 2
B 32 291 1
B 32 298 1
B 32 300 2
B 32 320 1
B 32 328 2
B 32 337 1
B 32 341 1
B 32 353 1
B 32 355 1
B 32 362 1
B 32 370 1
B 32 373 1
B 32 375 1
B 32 398 2
B 32 400 1
B 32 401 1
B 32 409 2
B 32 414 2
B 32 420 1
B 32 423 1
B 32 424 1
B 32 433 1
B 32 440 2
B 32 476 1
B 32 500 1
B 32 512 1
B 32 520 1
P 33 0.020
B 33 17 1
B 33 21 1
B 33 40 1
B 33 41 1
B 33 43 1
B 33 44 1
B 33 45 1
B 33 46 1
B 33 52 1
B 33 60 1
B 33 61 1
B 33 71 1
B 33 73 1
B 33 79 1
B 33 81 1
B 33 85 2
B 33 89 1
B 33 92 1
B 33 97 1
B 33 98 2
B 33 99 2
B 33 105 1
B 33 106 1
B 33 109 1
B 33 122 2
B 33 123 2
B 33 126 1
B 33 130 2
B 33 137 2
B 33 138 1
B 33 144 1
B 33 158 1
B 33 159 1
B 33 161 1
B 33 188 1
B 33 190 1
B 33 194 1
B 33 197 2
B 33 198 1
B 33 202 2
B 33 203 3
B 33 207 1
B 33 208 2
B 33 214 2
B 33 215 3
B 33 219 2
B 33 223 2
B 33 243 1
B 33 256 2
B 33 259 1
B 33 261 2
B 33 262 4
B 33 264 1
B 33 270 1
B 33 279 2
B 33 283 1
B 33 294 1
B 33 299 1
B 33 315 2
B 33 319 1
B 33 326 2
B 33 328 1
B 33 329 1
B 33 341 1
B 33 344 2
B 33 348 1
B 33 373 1
B 33 388 1
B 33 391 1
B 33 394 1
B 33 400 2
B 33 422 1
B 33 427 2
B 33 429 2
B 33 445 1
B 33 448 1
B 33 450 1
B 33 461 1
B 33 464 3
B 33 470 1
B 33 477 1
B 33 506 1
B 33 518 1
B 33 522 2
B 33 530 1
B 33 539 1
P 34 0.020
B 34 12 2
B 34 17 1
B 34 24 3
B 34 34 1
B 34 45 1
B 34 50 1
B 34 54 1
B 34 61 1
B 34 64 1
B 34 67 1
B 34 70 3
B 34 78 1
B 34 79 2
B 34 91 1
B 34 99 1
B 34 119 1
B 34 122 1
B 34 130 1
B 34 132 1
B 34 133 2
B 34 138 1
B 34 148 1
B 34 152 1
B 34 158 1
B 34 163 1
B 34 176 1
B 34 177 2
B 34 178 1
B 34 181 2
B 34 186 1
B 34 190 1
B 34 197 2
B 34 204 1
B 34 205 1
B 34 210 2
B 34 215 1
B 34 218 2
B 34 228 1
B 34 234 2
B 34 237 2
B 34 252 1
B 34 253 1
B 34 258 2
B 34 259 1
B 34 266 1
B 34 277 1
B 34 279 2
B 34 280 2
B 34 285 1
B 34 286 2
B 34 294 2
B 34 301 1
B 34 316 1
B 34 318 1
B 34 319 1
B 34 325 1
B 34 328 1
B 34 337 1
B 34 339 1
B 34 352 1
B 34 360 2
B 34 371 1
B 34 372 1
B 34 381 1
B 34 400 2
B 34 416 1
B 34 426 1
B 34 428 1
B 34 438 1
B 34 445 2
B 34 466 1
B 34 474 2
B 34 475 1
B 34 487 1
B 34 494 2
B 34 497 1
B 34 512 1
B 34 521 1
B 34 541 1
P 35 0.020
B 35 17 1
B 35 18 1
B 35 24 1
B 35 26 1
B 35 29 1
B 35 38 2
B 35 46 2
B 35 50 2
B 35 57 1
B 35 60 3
B 35 63 1
B 35 66 1
B 35 72 2
B 35 75 1
B 35 76 1
B 35 79 1
B 35 82 2
B 35 83 1
B 35 85 1
B 35 87 2
B 35 99 1
B 35 122 1
B 35 124 2
B 35 135 1
B 35 140 1
B 35 144 2
B 35 152 2
B 35 153 2
B 35 156 1
B 35 160 3
B 35 161 2
B 35 163 1
B 35 177 1
B 35 178 1
B 35 179 1
B 35 188 2
B 35 190 1
B 35 192 1
B 35 197 1
B 35 198 1
B 35 202 2
B 35 204 1
B 35 205 2
B 35 215 3
B 35 219 3
B 35 220 1
B 35 239 1
B 35 255 2
B 35 257 1
B 35 258 3
B 35 262 1
B 35 276 1
B 35 277 1
B 35 279 2
B 35 280 1
B 35 282 1
B 35 289 1
B 35 327 1
B 35 328 1
B 35 331 1
B 35 343 2
B 35 376 1
B 35 379 1
B 35 380 1
B 35 384 1
B 35 423 2
B 35 454 1
B 35 457 1
B 35 460 1
B 35 483 2
B 35 497 1
B 35 506 1
B 35 544 1
P 36 0.020
B 36 16 2
B 36 17 1
B 36 18 2
B 36 35 1
B 36 38 1
B 36 47 1
B 36 49 1
B 36 50 1
B 36 55 1
B 36 69 1
B 36 74 1
B 36 75 2
B 36 79 1
B 36 81 1
B 36 83 1
B 36 85 1
B 36 90 1
B 36 92 2
B 36 97 1
B 36 113 1
B 36 129 1
B 36 137 1
B 36 140 1
B 36 141 1
B 36 144 2
B 36 153 1
B 36 154 2
B 36 162 1
B 36 177 1
B 36 178 1
B 36 179 1
B 36 183 2
B 36 189 1
B 36 196 1
B 36 202 1
B 36 203 2
B 36 204 1
B 36 215 2
B 36 217 1
B 36 218 1
B 36 234 2
B 36 244 1
B 36 256 2
B 36 258 2
B 36 259 1
B 36 262 1
B 36 268 1
B 36 277 1
B 36 282 1
B 36 284 1
B 36 288 1
B 36 305 1
B 36 307 1
B 36 326 1
B 36 331 1
B 36 363 1
B 36 372 1
B 36 379 1
B 36 381 1
B 36 396 1
B 36 403 2
B 36 404 1
B 36 405 1
B 36 414 1
B 36 424 1
B 36 438 2
B 36 449 1
B 36 450 1
B 36 470 1
B 36 500 1
B 36 504 1
B 36 506 2
B 36 518 1
B 36 525 1
B 36 543 1
B 36 545 2
P 37 0.020
B 37 1 1
B 37 16 2
B 37 22 1
B 37 27 1
B 37 32 1
B 37 38 1
B 37 41 1
B 37 43 2
B 37 44 1
B 37 45 2
B 37 47 1
B 37 52 1
B 37 54 1
B 37 56 2
B 37 60 2
B 37 62 2
B 37 70 1
B 37 71 1
B 37 72 1
B 37 77 1
B 37 80 1
B 37 84 1
B 37 90 1
B 37 95 1
B 37 99 2
B 37 101 1
B 37 110 1
B 37 119 1
B 37 125 1
B 37 126 1
B 37 128 1
B 37 131 2
B 37 133 1
B 37 147 1
B 37 155 1
B 37 158 2
B 37 160 1
B 37 176 2
B 37 179 1
B 37 181 1
B 37 182 1
B 37 189 1
B 37 191 2
B 37 192 1
B 37 198 1
B 37 203 1
B 37 214 1
B 37 215 2
B 37 216 2
B 37 221 1
B 37 226 1
B 37 227 2
B 37 234 1
B 37 239 1
B 37 247 1
B 37 250 1
B 37 251 1
B 37 252 2
B 37 253 1
B 37 257 1
B 37 272 2
B 37 277 1
B 37 280 1
B 37 292 1
B 37 297 1
B 37 298 1
B 37 309 1
B 37 314 1
B 37 322 1
B 37 336 1
B 37 345 1
B 37 350 1
B 37 353 1
B 37 358 1
B 37 359 1
B 37 366 1
B 37 370 2
B 37 377 1
B 37 387 1
B 37 388 1
B 37 400 1
B 37 407 2
B 37 416 1
B 37 417 1
B 37 423 1
B 37 424 1
B 37 438 2
B 37 440 1
B 37 457 1
B 37 460 1
B 37 469 1
B 37 470 1
B 37 473 2
B 37 474 1
B 37 489 1
B 37 496 1
B 37 502 2
B 37 510 1
B 37 516 1
B 37 534 1
P 38 0.020
B 38 5 1
B 38 21 2
B 38 41 1
B 38 43 2
B 38 45 1
B 38 47 1
B 38 57 2
B 38 62 1
B 38 67 1
B 38 69 2
B 38 70 1
B 38 72 1
B 38 73 1
B 38 76 3
B 38 81 1
B 38 83 1
B 38 86 1
B 38 87 1
B 38 90 1
B 38 100 1
B 38 103 1
B 38 108 1
B 38 114 1
B 38 121 1
B 38 123 1
B 38 125 1
B 38 126 1
B 38 130 1
B 38 131 2
B 38 132 2
B 38 142 1
B 38 144 1
B 38 152 1
B 38 173 1
B 38 176 1
B 38 177 1
B 38 184 2
B 38 192 2
B 38 194 1
B 38 196 1
B 38 205 1
B 38 207 2
B 38 208 2
B 38 212 2
B 38 218 1
B 38 220 1
B 38 227 1
B 38 229 1
B 38 247 1
B 38 251 1
B 38 253 1
B 38 255 1
B 38 270 2
B 38 276 1
B 38 285 1
B 38 292 1
B 38 293 2
B 38 294 1
B 38 296 1
B 38 303 1
B 38 319 1
B 38 325 1
B 38 326 1
B 38 332 1
B 38 337 1
B 38 349 1
B 38 355 1
B 38 357 1
B 38 361 1
B 38 384 1
B 38 433 1
B 38 469 2
B 38 470 1
B 38 473 1
B 38 484 1
B 38 512 1
B 38 515 1
B 38 530 1
B 38 541 1
P 39 0.020
B 39 27 1
B 39 29 1
B 39 34 1
B 39 42 1
B 39 45 1
B 39 47 1
B 39 50 1
B 39 52 3
B 39 53 1
B 39 55 1
B 39 57 2
B 39 61 1
B 39 67 1
B 39 71 1
B 39 73 1
B 39 74 1
B 39 75 1
B 39 78 1
B 39 84 1
B 39 85 1
B 39 100 1
B 39 106 1
B 39 117 1
B 39 123 2
B 39 126 1
B 39 129 2
B 39 136 2
B 39 137 1
B 39 142 1
B 39 153 1
B 39 157 2
B 39 158 1
B 39 159 1
B 39 163 2
B 39 178 1
B 39 191 1
B 39 192 1
B 39 208 2
B 39 215 1
B 39 217 1
B 39 218 1
B 39 221 1
B 39 222 2
B 39 223 1
B 39 226 1
B 39 234 1
B 39 239 2
B 39 241 2
B 39 244 1
B 39 246 1
B 39 248 1
B 39 251 1
B 39 255 2
B 39 259 1
B 39 273 1
B 39 280 1
B 39 282 1
B 39 286 1
B 39 294 4
B 39 302 1
B 39 324 1
B 39 325 1
B 39 344 1
B 39 346 1
B 39 354 1
B 39 361 1
B 39 366 1
B 39 375 1
B 39 378 1
B 39 397 1
B 39 400 1
B 39 409 1
B 39 417 1
B 39 426 1
B 39 434 2
B 39 438 2
B 39 450 1
B 39 451 1
B 39 457 1
B 39 471 2
B 39 473 1
B 39 477 1
B 39 478 1
B 39 526 1
B 39 528 1
P 40 0.020
B 40 5 1
B 40 7 1
B 40 16 1
B 40 17 2
B 40 18 1
B 40 32 2
B 40 46 1
B 40 49 1
B 40 51 1
B 40 52 1
B 40 60 1
B 40 64 2
B 40 71 1
B 40 76 1
B 40 88 1
B 40 98 1
B 40 100 1
B 40 101 1
B 40 105 1
B 40 114 1
B 40 117 1
B 40 121 1
B 40 122 2
B 40 131 1
B 40 138 1
B 40 147 2
B 40 149 1
B 40 154 2
B 40 155 1
B 40 159 1
B 40 160 1
B 40 163 1
B 40 174 1
B 40 187 1
B 40 190 1
B 40 191 1
B 40 192 1
B 40 195 1
B 40 197 1
B 40 204 2
B 40 207 2
B 40 208 2
B 40 210 1
B 40 211 1
B 40 217 2
B 40 235 1
B 40 238 1
B 40 240 1
B 40 241 1
B 40 253 1
B 40 254 1
B 40 267 1
B 40 272 2
B 40 276 1
B 40 286 1
B 40 294 1
B 40 301 1
B 40 303 1
B 40 310 1
B 40 313 1
B 40 331 1
B 40 341 1
B 40 394 1
B 40 400 1
B 40 406 1
B 40 408 1
B 40 419 1
B 40 425 1
B 40 438 1
B 40 440 2
B 40 450 1
B 40 453 1
B 40 456 1
B 40 484 1
B 40 510 2
B 40 516 1
B 40 526 1
B 40 533 1
B 40 548 1
P 41 0.020
B 41 7 1
B 41 29 1
B 41 34 1
B 41 38 1
B 41 42 1
B 41 46 2
B 41 60 1
B 41 61 1
B 41 64 1
B 41 70 1
B 41 77 1
B 41 78 1
B 41 80 2
B 41 87 1
B 41 89 1
B 41 90 1
B 41 98 1
B 41 100 1
B 41 123 1
B 41 127 1
B 41 133 1
B 41 136 1
B 41 138 1
B 41 140 1
B 41 141 1
B 41 155 1
B 41 158 1
B 41 159 1
B 41 162 1
B 41 163 1
B 41 177 1
B 41 179 4
B 41 181 1
B 41 191 2
B 41 198 1
B 41 201 1
B 41 202 1
B 41 208 1
B 41 210 1
B 41 221 2
B 41 224 1
B 41 233 1
B 41 248 1
B 41 251 2
B 41 278 1
B 41 280 1
B 41 295 1
B 41 297 2
B 41 300 1
B 41 301 1
B 41 313 1
B 41 322 1
B 41 324 3
B 41 325 1
B 41 329 1
B 41 330 1
B 41 331 1
B 41 343 1
B 41 383 1
B 41 385 1
B 41 386 1
B 41 408 2
B 41 423 1
B 41 429 1
B 41 438 2
B 41 442 1
B 41 458 1
B 41 461 1
B 41 471 1
B 41 474 1
B 41 477 1
B 41 489 1
B 41 495 1
B 41 503 2
B 41 512 1
B 41 524 1
B 41 533 1
P 42 0.020
B 42 1 1
B 42 18 2
B 42 24 1
B 42 27 1
B 42 41 1
B 42 43 3
B 42 46 1
B 42 51 1
B 42 60 1
B 42 61 2
B 42 62 1
B 42 67 1
B 42 77 2
B 42 78 1
B 42 79 1
B 42 81 1
B 42 85 1
B 42 89 1
B 42 95 2
B 42 107 1
B 42 119 1
B 42 124 3
B 42 130 1
B 42 137 1
B 42 140 1
B 42 148 1
B 42 154 1
B 42 163 1
B 42 171 1
B 42 179 1
B 42 182 1
B 42 183 1
B 42 186 1
B 42 188 1
B 42 190 1
B 42 191 4
B 42 195 1
B 42 204 1
B 42 205 2
B 42 215 1
B 42 216 1
B 42 234 3
B 42 239 1
B 42 247 1
B 42 260 2
B 42 270 2
B 42 273 1
B 42 279 2
B 42 280 2
B 42 284 1
B 42 287 1
B 42 293 1
B 42 297 2
B 42 308 1
B 42 309 1
B 42 323 1
B 42 325 1
B 42 348 2
B 42 362 1
B 42 367 1
B 42 386 3
B 42 389 1
B 42 400 1
B 42 404 2
B 42 417 1
B 42 420 1
B 42 427 1
B 42 436 1
B 42 442 1
B 42 447 1
B 42 449 1
B 42 451 1
B 42 461 1
B 42 493 2
B 42 516 1
B 42 521 2
B 42 533 2
B 42 534 1
B 42 536 1
P 43 0.020
B 43 7 1
B 43 8 2
B 43 17 1
B 43 20 2
B 43 21 1
B 43 22 1
B 43 28 1
B 43 42 1
B 43 57 1
B 43 60 1
B 43 61 1
B 43 62 1
B 43 66 2
B 43 71 1
B 43 77 1
B 43 79 2
B 43 81 3
B 43 82 1
B 43 85 1
B 43 86 2
B 43 87 2
B 43 104 1
B 43 106 1
B 43 114 2
B 43 121 1
B 43 126 3
B 43 131 1
B 43 137 2
B 43 153 2
B 43 158 1
B 43 159 2
B 43 161 1
B 43 163 1
B 43 174 1
B 43 181 1
B 43 183 2
B 43 188 1
B 43 192 1
B 43 194 1
B 43 197 2
B 43 208 1
B 43 213 1
B 43 215 1
B 43 229 1
B 43 234 1
B 43 236 1
B 43 237 3
B 43 241 1
B 43 243 1
B 43 247 1
B 43 254 1
B 43 261 1
B 43 262 1
B 43 265 1
B 43 278 1
B 43 280 1
B 43 291 1
B 43 293 1
B 43 294 2
B 43 310 1
B 43 311 1
B 43 316 2
B 43 322 1
B 43 325 1
B 43 327 1
B 43 356 1
B 43 363 1
B 43 365 1
B 43 378 1
B 43 386 1
B 43 392 1
B 43 409 1
B 43 410 1
B 43 417 1
B 43 420 1
B 43 426 1
B 43 444 1
B 43 449 2
B 43 454 2
B 43 476 2
B 43 478 1
B 43 483 1
B 43 495 2
B 43 514 1
B 43 534 1
B 43 536 1
P 44 0.020
B 44 16 1
B 44 22 1
B 44 42 1
B 44 45 1
B 44 46 1
B 44 47 1
B 44 50 1
B 44 57 1
B 44 64 1
B 44 68 1
B 44 69 1
B 44 70 1
B 44 71 1
B 44 72 1
B 44 99 2
B 44 109 1
B 44 115 1
B 44 121 2
B 44 123 1
B 44 131 1
B 44 135 1
B 44 137 1
B 44 145 1
B 44 148 1
B 44 155 1
B 44 156 1
B 44 158 1
B 44 159 1
B 44 160 2
B 44 177 2
B 44 179 1
B 44 181 1
B 44 183 1
B 44 185 1
B 44 188 1
B 44 194 1
B 44 196 2
B 44 199 1
B 44 208 3
B 44 212 1
B 44 221 1
B 44 224 1
B 44 227 1
B 44 235 2
B 44 257 1
B 44 268 1
B 44 272 2
B 44 278 1
B 44 279 1
B 44 280 1
B 44 293 1
B 44 294 1
B 44 298 1
B 44 299 1
B 44 303 1
B 44 309 1
B 44 325 1
B 44 349 1
B 44 352 1
B 44 356 1
B 44 357 1
B 44 366 1
B 44 381 1
B 44 384 1
B 44 389 1
B 44 416 1
B 44 418 2
B 44 477 1
B 44 500 1
B 44 521 1
B 44 548 1
P 45 0.020
B 45 15 1
B 45 17 2
B 45 27 1
B 45 41 2
B 45 44 1
B 45 46 1
B 45 51 1
B 45 54 1
B 45 60 1
B 45 69 1
B 45 71 1
B 45 72 1
B 45 76 1
B 45 79 1
B 45 81 1
B 45 83 1
B 45 86 1
B 45 87 2
B 45 90 1
B 45 93 1
B 45 100 1
B 45 105 2
B 45 113 1
B 45 131 1
B 45 132 1
B 45 134 1
B 45 135 1
B 45 141 1
B 45 151 1
B 45 158 1
B 45 159 1
B 45 161 2
B 45 162 1
B 45 175 1
B 45 193 2
B 45 194 1
B 45 197 1
B 45 211 2
B 45 212 2
B 45 215 2
B 45 225 2
B 45 230 1
B 45 236 1
B 45 240 1
B 45 241 1
B 45 253 4
B 45 255 1
B 45 259 1
B 45 263 1
B 45 265 1
B 45 272 1
B 45 276 1
B 45 278 2
B 45 282 2
B 45 285 1
B 45 290 1
B 45 297 1
B 45 311 1
B 45 315 1
B 45 331 1
B 45 362 1
B 45 408 1
B 45 417 2
B 45 420 1
B 45 424 1
B 45 433 1
B 45 438 1
B 45 457 1
B 45 461 1
B 45 475 1
B 45 480 1
B 45 499 1
B 45 516 2
B 45 526 1
P 46 0.020
B 46 18 1
B 46 36 1
B 46 42 1
B 46 44 2
B 46 46 1
B 46 49 2
B 46 50 3
B 46 54 1
B 46 60 1
B 46 73 1
B 46 76 1
B 46 83 1
B 46 88 1
B 46 98 1
B 46 103 1
B 46 105 1
B 46 106 1
B 46 119 1
B 46 122 1
B 46 129 2
B 46 149 1
B 46 153 1
B 46 156 2
B 46 175 1
B 46 176 1
B 46 185 1
B 46 194 1
B 46 197 1
B 46 205 1
B 46 210 2
B 46 211 1
B 46 212 1
B 46 214 1
B 46 219 1
B 46 220 1
B 46 234 2
B 46 239 2
B 46 242 1
B 46 243 1
B 46 244 1
B 46 247 1
B 46 253 1
B 46 258 2
B 46 260 1
B 46 286 2
B 46 309 1
B 46 313 1
B 46 318 1
B 46 340 1
B 46 355 2
B 46 378 1
B 46 385 2
B 46 387 1
B 46 405 1
B 46 422 1
B 46 442 1
B 46 487 1
B 46 489 1
B 46 504 1
B 46 517 1
B 46 536 1
B 46 545 2
P 47 0.020
B 47 9 2
B 47 20 1
B 47 22 2
B 47 27 1
B 47 34 1
B 47 44 1
B 47 45 2
B 47 54 1
B 47 62 1
B 47 71 1
B 47 74 1
B 47 75 1
B 47 76 3
B 47 78 1
B 47 85 1
B 47 97 1
B 47 106 1
B 47 127 1
B 47 129 1
B 47 137 1
B 47 150 1
B 47 155 1
B 47 158 1
B 47 159 2
B 47 179 3
B 47 194 1
B 47 200 1
B 47 201 1
B 47 211 3
B 47 214 2
B 47 215 2
B 47 218 1
B 47 224 2
B 47 226 1
B 47 236 1
B 47 245 1
B 47 246 1
B 47 249 1
B 47 251 1
B 47 256 1
B 47 262 3
B 47 267 1
B 47 276 1
B 47 289 1
B 47 294 1
B 47 331 1
B 47 357 1
B 47 371 1
B 47 389 1
B 47 410 1
B 47 417 1
B 47 425 1
B 47 437 2
B 47 453 1
B 47 454 2
B 47 470 1
B 47 473 1
B 47 487 1
B 47 501 1
B 47 502 1
B 47 517 1
B 47 520 1
B 47 533 3
B 47 538 1
P 48 0.020
B 48 16 2
B 48 17 1
B 48 22 1
B 48 34 1
B 48 41 1
B 48 44 2
B 48 60 1
B 48 62 1
B 48 64 1
B 48 69 1
B 48 73 2
B 48 82 1
B 48 84 2
B 48 86 1
B 48 88 2
B 48 99 1
B 48 103 1
B 48 121 1
B 48 130 1
B 48 136 1
B 48 137 1
B 48 140 1
B 48 141 1
B 48 153 1
B 48 155 1
B 48 160 1
B 48 178 1
B 48 181 1
B 48 191 1
B 48 193 3
B 48 194 2
B 48 212 1
B 48 213 2
B 48 215 1
B 48 229 1
B 48 234 1
B 48 236 1
B 48 239 1
B 48 250 1
B 48 252 1
B 48 253 1
B 48 255 1
B 48 261 1
B 48 266 1
B 48 267 1
B 48 276 1
B 48 277 1
B 48 280 2
B 48 285 1
B 48 287 1
B 48 290 1
B 48 294 1
B 48 297 2
B 48 300 1
B 48 311 1
B 48 323 1
B 48 344 1
B 48 361 1
B 48 366 2
B 48 370 1
B 48 374 1
B 48 398 1
B 48 414 1
B 48 417 1
B 48 420 1
B 48 422 1
B 48 426 1
B 48 438 2
B 48 451 1
B 48 482 1
B 48 485 2
B 48 505 2
B 48 512 1
B 48 519 1
B 48 525 2
B 48 535 1
P 49 0.020
B 49 3 1
B 49 8 1
B 49 17 2
B 49 20 1
B 49 21 2
B 49 30 1
B 49 41 1
B 49 47 1
B 49 50 2
B 49 57 3
B 49 60 1
B 49 64 2
B 49 74 1
B 49 77 1
B 49 91 1
B 49 108 1
B 49 119 1
B 49 121 1
B 49 125 1
B 49 126 1
B 49 132 2
B 49 138 1
B 49 159 1
B 49 163 1
B 49 175 2
B 49 177 2
B 49 179 1
B 49 184 1
B 49 187 1
B 49 190 1
B 49 199 2
B 49 211 1
B 49 215 2
B 49 218 1
B 49 219 1
B 49 232 1
B 49 234 1
B 49 242 1
B 49 272 1
B 49 273 1
B 49 277 1
B 49 286 1
B 49 311 1
B 49 327 1
B 49 328 1
B 49 352 1
B 49 407 1
B 49 417 4
B 49 438 2
B 49 445 1
B 49 466 1
B 49 470 1
B 49 476 1
B 49 509 1
B 49 524 1
B 49 536 1
B 49 539 1
B 49 547 1
