50
P 0 0.020
B 0 7 1
B 0 11 1
B 0 16 2
B 0 17 1
B 0 22 1
B 0 32 2
B 0 41 1
B 0 45 1
B 0 46 1
B 0 47 1
B 0 49 1
B 0 54 1
B 0 60 1
B 0 61 1
B 0 67 1
B 0 69 1
B 0 71 2
B 0 72 1
B 0 73 1
B 0 75 1
B 0 77 2
B 0 78 2
B 0 85 1
B 0 90 1
B 0 98 1
B 0 115 2
B 0 119 1
B 0 123 2
B 0 127 2
B 0 128 1
B 0 130 1
B 0 144 1
B 0 145 1
B 0 147 2
B 0 151 1
B 0 152 1
B 0 153 1
B 0 154 1
B 0 160 2
B 0 163 1
B 0 177 2
B 0 179 1
B 0 183 1
B 0 186 2
B 0 191 1
B 0 192 1
B 0 196 2
B 0 203 1
B 0 204 1
B 0 207 1
B 0 212 1
B 0 214 1
B 0 221 1
B 0 222 1
B 0 228 2
B 0 234 1
B 0 241 2
B 0 247 1
B 0 248 1
B 0 250 1
B 0 253 1
B 0 255 1
B 0 256 2
B 0 257 1
B 0 280 4
B 0 297 1
B 0 298 1
B 0 304 1
B 0 311 2
B 0 313 1
B 0 314 1
B 0 325 1
B 0 331 2
B 0 355 2
B 0 361 1
B 0 367 1
B 0 379 1
B 0 380 1
B 0 396 1
B 0 399 1
B 0 400 1
B 0 403 1
B 0 406 1
B 0 411 1
B 0 412 1
B 0 438 1
B 0 484 1
B 0 487 1
B 0 493 2
B 0 502 1
B 0 508 2
B 0 514 1
B 0 522 1
B 0 538 1
P 1 0.020
B 1 5 1
B 1 14 2
B 1 16 1
B 1 17 1
B 1 37 1
B 1 38 1
B 1 42 2
B 1 44 1
B 1 45 1
B 1 50 1
B 1 52 1
B 1 57 1
B 1 60 1
B 1 61 2
B 1 65 1
B 1 69 1
B 1 73 1
B 1 97 2
B 1 104 1
B 1 107 1
B 1 109 1
B 1 119 1
B 1 126 1
B 1 129 1
B 1 130 2
B 1 131 1
B 1 137 1
B 1 153 2
B 1 159 2
B 1 161 2
B 1 163 1
B 1 175 1
B 1 177 1
B 1 178 1
B 1 184 2
B 1 186 1
B 1 187 1
B 1 191 1
B 1 193 2
B 1 195 1
B 1 197 1
B 1 198 1
B 1 199 1
B 1 205 1
B 1 206 1
B 1 210 1
B 1 211 2
B 1 213 1
B 1 214 1
B 1 219 2
B 1 227 1
B 1 234 1
B 1 236 2
B 1 239 2
B 1 240 1
B 1 243 2
B 1 246 1
B 1 247 2
B 1 249 2
B 1 250 1
B 1 255 1
B 1 258 1
B 1 261 3
B 1 267 1
B 1 275 1
B 1 277 1
B 1 279 4
B 1 280 1
B 1 283 1
B 1 293 1
B 1 294 1
B 1 305 1
B 1 307 1
B 1 316 1
B 1 323 1
B 1 329 1
B 1 355 1
B 1 358 1
B 1 361 2
B 1 368 1
B 1 378 1
B 1 381 1
B 1 391 1
B 1 392 1
B 1 405 3
B 1 408 1
B 1 417 2
B 1 418 2
B 1 440 1
B 1 450 1
B 1 451 2
B 1 454 1
B 1 455 1
B 1 469 1
B 1 474 1
B 1 478 1
B 1 494 1
B 1 495 1
B 1 506 1
B 1 516 1
B 1 522 2
B 1 530 2
B 1 533 1
P 2 0.020
B 2 9 1
B 2 10 1
B 2 28 1
B 2 37 1
B 2 41 2
B 2 45 2
B 2 50 2
B 2 60 1
B 2 61 1
B 2 62 1
B 2 71 1
B 2 72 2
B 2 76 1
B 2 77 1
B 2 79 1
B 2 82 2
B 2 84 1
B 2 88 1
B 2 91 1
B 2 92 1
B 2 99 2
B 2 108 1
B 2 119 1
B 2 120 2
B 2 121 1
B 2 122 2
B 2 123 1
B 2 126 1
B 2 129 1
B 2 134 1
B 2 144 1
B 2 145 1
B 2 146 1
B 2 156 1
B 2 158 1
B 2 159 1
B 2 176 1
B 2 178 1
B 2 179 1
B 2 183 1
B 2 188 2
B 2 190 3
B 2 191 2
B 2 193 1
B 2 195 1
B 2 198 1
B 2 207 2
B 2 208 1
B 2 211 2
B 2 212 1
B 2 215 1
B 2 216 1
B 2 217 1
B 2 218 1
B 2 221 1
B 2 227 1
B 2 229 1
B 2 234 3
B 2 236 1
B 2 241 1
B 2 251 1
B 2 254 1
B 2 258 1
B 2 261 1
B 2 262 4
B 2 264 2
B 2 266 1
B 2 269 2
B 2 270 1
B 2 272 1
B 2 276 1
B 2 284 1
B 2 286 2
B 2 294 2
B 2 311 1
B 2 318 4
B 2 320 1
B 2 327 2
B 2 333 1
B 2 339 1
B 2 341 1
B 2 353 1
B 2 371 1
B 2 380 1
B 2 383 1
B 2 385 1
B 2 386 3
B 2 391 2
B 2 405 1
B 2 408 1
B 2 420 1
B 2 429 2
B 2 438 1
B 2 440 1
B 2 449 1
B 2 454 1
B 2 490 2
B 2 495 1
B 2 496 2
B 2 498 1
B 2 501 1
B 2 502 1
B 2 514 1
B 2 541 1
B 2 545 1
P 3 0.020
B 3 7 1
B 3 22 1
B 3 24 1
B 3 33 1
B 3 37 1
B 3 42 1
B 3 52 2
B 3 53 1
B 3 54 1
B 3 64 1
B 3 68 1
B 3 69 2
B 3 77 2
B 3 79 2
B 3 80 1
B 3 81 1
B 3 82 2
B 3 85 1
B 3 100 1
B 3 103 2
B 3 104 2
B 3 114 1
B 3 115 2
B 3 119 1
B 3 128 1
B 3 136 1
B 3 150 1
B 3 159 1
B 3 161 1
B 3 180 1
B 3 181 1
B 3 183 1
B 3 184 1
B 3 185 1
B 3 192 2
B 3 194 2
B 3 198 1
B 3 202 2
B 3 209 1
B 3 210 1
B 3 211 1
B 3 216 1
B 3 217 1
B 3 218 3
B 3 221 1
B 3 230 1
B 3 234 1
B 3 246 1
B 3 250 1
B 3 255 1
B 3 259 2
B 3 262 1
B 3 266 1
B 3 268 1
B 3 278 2
B 3 286 1
B 3 291 1
B 3 293 2
B 3 294 5
B 3 300 1
B 3 308 2
B 3 317 1
B 3 318 2
B 3 324 2
B 3 332 1
B 3 338 2
B 3 341 3
B 3 343 1
B 3 359 1
B 3 361 1
B 3 366 1
B 3 370 1
B 3 371 1
B 3 373 2
B 3 386 1
B 3 396 1
B 3 406 1
B 3 409 1
B 3 414 1
B 3 416 1
B 3 417 1
B 3 421 2
B 3 423 1
B 3 426 1
B 3 428 1
B 3 437 1
B 3 438 1
B 3 440 1
B 3 448 1
B 3 455 1
B 3 457 2
B 3 458 1
B 3 464 1
B 3 465 1
B 3 470 3
B 3 473 2
B 3 477 1
B 3 483 1
B 3 487 1
B 3 498 1
B 3 506 1
B 3 510 2
B 3 516 1
P 4 0.020
B 4 15 2
B 4 20 1
B 4 22 1
B 4 27 1
B 4 28 3
B 4 29 1
B 4 33 1
B 4 38 1
B 4 45 2
B 4 46 1
B 4 51 1
B 4 52 1
B 4 53 1
B 4 54 2
B 4 62 2
B 4 64 2
B 4 69 1
B 4 70 1
B 4 73 1
B 4 74 1
B 4 76 2
B 4 77 1
B 4 83 1
B 4 87 1
B 4 89 1
B 4 90 1
B 4 98 1
B 4 105 2
B 4 106 1
B 4 117 1
B 4 125 1
B 4 130 1
B 4 136 2
B 4 147 1
B 4 148 3
B 4 153 1
B 4 154 1
B 4 155 2
B 4 163 1
B 4 177 1
B 4 178 1
B 4 186 1
B 4 187 1
B 4 192 1
B 4 193 1
B 4 195 1
B 4 196 3
B 4 197 1
B 4 198 1
B 4 205 2
B 4 206 1
B 4 208 1
B 4 210 1
B 4 212 3
B 4 214 1
B 4 215 2
B 4 219 1
B 4 222 1
B 4 227 2
B 4 230 1
B 4 234 1
B 4 237 1
B 4 241 1
B 4 248 2
B 4 249 1
B 4 253 3
B 4 255 2
B 4 256 1
B 4 264 1
B 4 275 1
B 4 278 2
B 4 282 2
B 4 290 1
B 4 296 1
B 4 298 2
B 4 300 2
B 4 306 1
B 4 307 1
B 4 308 1
B 4 309 1
B 4 310 1
B 4 311 1
B 4 313 1
B 4 314 2
B 4 322 1
B 4 326 1
B 4 327 1
B 4 333 1
B 4 343 1
B 4 355 1
B 4 356 1
B 4 360 2
B 4 383 1
B 4 384 2
B 4 386 1
B 4 400 1
B 4 405 1
B 4 406 1
B 4 416 1
B 4 428 1
B 4 429 1
B 4 437 1
B 4 438 1
B 4 439 2
B 4 449 1
B 4 450 1
B 4 458 1
B 4 469 1
B 4 470 2
B 4 473 1
B 4 476 1
B 4 482 2
B 4 495 1
B 4 505 2
B 4 506 2
B 4 525 1
B 4 533 1
B 4 541 2
B 4 545 1
P 5 0.020
B 5 8 1
B 5 15 1
B 5 17 2
B 5 18 1
B 5 22 3
B 5 28 1
B 5 35 1
B 5 36 1
B 5 43 1
B 5 45 4
B 5 46 2
B 5 47 1
B 5 50 1
B 5 53 2
B 5 54 1
B 5 55 1
B 5 57 2
B 5 60 2
B 5 61 3
B 5 62 1
B 5 72 2
B 5 76 3
B 5 78 2
B 5 79 2
B 5 82 1
B 5 89 1
B 5 93 1
B 5 100 1
B 5 119 1
B 5 121 1
B 5 123 1
B 5 124 1
B 5 128 2
B 5 129 1
B 5 131 1
B 5 135 1
B 5 137 1
B 5 144 2
B 5 148 2
B 5 152 1
B 5 156 2
B 5 160 1
B 5 169 1
B 5 170 1
B 5 174 1
B 5 179 1
B 5 183 2
B 5 188 1
B 5 190 1
B 5 198 1
B 5 204 2
B 5 206 1
B 5 214 2
B 5 216 1
B 5 218 1
B 5 219 1
B 5 221 1
B 5 222 1
B 5 223 1
B 5 224 1
B 5 228 1
B 5 230 3
B 5 234 2
B 5 235 1
B 5 236 1
B 5 237 1
B 5 247 1
B 5 249 2
B 5 252 1
B 5 254 1
B 5 255 2
B 5 258 1
B 5 260 1
B 5 264 2
B 5 265 1
B 5 272 2
B 5 276 1
B 5 278 1
B 5 280 2
B 5 282 2
B 5 283 2
B 5 286 1
B 5 294 1
B 5 301 2
B 5 307 1
B 5 322 1
B 5 339 2
B 5 340 1
B 5 345 2
B 5 348 1
B 5 354 1
B 5 357 1
B 5 381 1
B 5 387 2
B 5 392 2
B 5 404 2
B 5 406 1
B 5 411 1
B 5 416 1
B 5 419 3
B 5 420 1
B 5 421 1
B 5 433 1
B 5 440 1
B 5 442 1
B 5 444 3
B 5 445 2
B 5 450 1
B 5 454 3
B 5 457 1
B 5 461 1
B 5 474 1
B 5 481 1
B 5 500 1
B 5 501 2
B 5 510 2
B 5 514 1
B 5 516 1
B 5 527 1
B 5 528 1
B 5 541 1
P 6 0.020
B 6 7 1
B 6 8 1
B 6 15 2
B 6 18 1
B 6 28 1
B 6 41 1
B 6 42 1
B 6 45 1
B 6 46 1
B 6 49 1
B 6 51 1
B 6 52 1
B 6 58 1
B 6 60 1
B 6 62 1
B 6 64 2
B 6 69 1
B 6 71 1
B 6 76 2
B 6 77 1
B 6 82 2
B 6 83 1
B 6 91 1
B 6 94 1
B 6 98 1
B 6 100 2
B 6 103 1
B 6 116 1
B 6 122 1
B 6 123 1
B 6 132 1
B 6 136 1
B 6 148 1
B 6 153 3
B 6 158 1
B 6 162 1
B 6 174 1
B 6 184 1
B 6 187 1
B 6 190 1
B 6 191 1
B 6 195 1
B 6 198 2
B 6 201 2
B 6 202 1
B 6 203 2
B 6 205 2
B 6 207 1
B 6 211 3
B 6 214 1
B 6 215 3
B 6 218 2
B 6 222 1
B 6 226 1
B 6 236 1
B 6 242 1
B 6 247 1
B 6 251 1
B 6 254 1
B 6 255 1
B 6 263 1
B 6 278 1
B 6 295 2
B 6 297 1
B 6 298 2
B 6 301 4
B 6 311 1
B 6 315 1
B 6 320 1
B 6 331 3
B 6 339 1
B 6 352 1
B 6 355 1
B 6 357 1
B 6 358 2
B 6 380 1
B 6 381 2
B 6 382 1
B 6 403 1
B 6 420 1
B 6 429 1
B 6 434 3
B 6 438 2
B 6 440 2
B 6 454 1
B 6 455 1
B 6 461 1
B 6 476 1
B 6 483 1
B 6 512 2
B 6 516 2
B 6 526 1
B 6 531 1
B 6 541 1
P 7 0.020
B 7 18 1
B 7 21 1
B 7 22 1
B 7 25 2
B 7 42 1
B 7 46 1
B 7 50 1
B 7 51 1
B 7 60 2
B 7 69 3
B 7 72 2
B 7 74 1
B 7 75 3
B 7 77 1
B 7 78 1
B 7 80 1
B 7 82 1
B 7 111 1
B 7 122 2
B 7 123 1
B 7 125 3
B 7 126 1
B 7 127 1
B 7 129 1
B 7 130 1
B 7 131 2
B 7 133 2
B 7 135 1
B 7 146 2
B 7 149 1
B 7 158 1
B 7 159 1
B 7 160 1
B 7 162 1
B 7 163 1
B 7 170 2
B 7 181 2
B 7 183 4
B 7 193 1
B 7 194 5
B 7 197 1
B 7 205 1
B 7 208 1
B 7 211 2
B 7 213 1
B 7 218 1
B 7 221 2
B 7 226 1
B 7 228 1
B 7 241 2
B 7 244 2
B 7 249 1
B 7 250 1
B 7 254 1
B 7 258 1
B 7 259 1
B 7 272 2
B 7 275 1
B 7 276 1
B 7 277 2
B 7 279 2
B 7 289 1
B 7 294 2
B 7 299 1
B 7 303 1
B 7 304 1
B 7 316 1
B 7 317 2
B 7 321 1
B 7 358 1
B 7 368 2
B 7 371 1
B 7 390 1
B 7 401 1
B 7 405 2
B 7 433 2
B 7 438 1
B 7 449 2
B 7 455 1
B 7 482 1
B 7 541 1
B 7 545 1
P 8 0.020
B 8 7 1
B 8 10 2
B 8 12 1
B 8 18 1
B 8 22 1
B 8 24 1
B 8 27 2
B 8 29 2
B 8 38 2
B 8 41 2
B 8 42 3
B 8 45 2
B 8 50 2
B 8 55 2
B 8 69 1
B 8 70 2
B 8 71 2
B 8 75 1
B 8 85 2
B 8 89 2
B 8 90 1
B 8 94 1
B 8 98 1
B 8 108 1
B 8 109 1
B 8 114 1
B 8 122 1
B 8 127 1
B 8 128 2
B 8 129 1
B 8 133 1
B 8 155 1
B 8 156 1
B 8 158 1
B 8 162 1
B 8 163 4
B 8 176 2
B 8 184 1
B 8 185 1
B 8 186 1
B 8 190 3
B 8 191 2
B 8 196 1
B 8 197 1
B 8 199 1
B 8 203 2
B 8 207 2
B 8 210 1
B 8 213 3
B 8 214 2
B 8 219 1
B 8 221 1
B 8 222 1
B 8 225 1
B 8 229 1
B 8 239 1
B 8 242 1
B 8 259 1
B 8 275 2
B 8 280 1
B 8 284 2
B 8 295 1
B 8 299 1
B 8 303 1
B 8 306 1
B 8 309 2
B 8 315 1
B 8 316 1
B 8 348 2
B 8 379 1
B 8 380 1
B 8 382 1
B 8 383 1
B 8 384 1
B 8 388 1
B 8 403 2
B 8 412 1
B 8 422 2
B 8 426 2
B 8 429 1
B 8 445 1
B 8 451 1
B 8 457 1
B 8 462 1
B 8 473 1
B 8 487 1
B 8 539 1
P 9 0.020
B 9 3 1
B 9 5 1
B 9 11 1
B 9 12 1
B 9 18 2
B 9 20 1
B 9 42 3
B 9 46 2
B 9 55 1
B 9 60 2
B 9 66 1
B 9 67 1
B 9 70 1
B 9 72 1
B 9 73 2
B 9 78 1
B 9 81 1
B 9 82 2
B 9 86 1
B 9 88 1
B 9 90 1
B 9 94 1
B 9 98 1
B 9 99 2
B 9 103 1
B 9 115 1
B 9 123 3
B 9 124 2
B 9 127 1
B 9 128 2
B 9 136 2
B 9 138 1
B 9 142 1
B 9 178 1
B 9 186 2
B 9 190 1
B 9 192 1
B 9 197 1
B 9 202 1
B 9 208 2
B 9 210 2
B 9 211 1
B 9 213 1
B 9 219 2
B 9 234 2
B 9 240 1
B 9 242 1
B 9 247 1
B 9 249 1
B 9 250 1
B 9 251 1
B 9 256 1
B 9 262 1
B 9 266 2
B 9 277 1
B 9 280 1
B 9 286 1
B 9 291 1
B 9 292 1
B 9 293 1
B 9 294 1
B 9 297 1
B 9 309 1
B 9 310 1
B 9 313 1
B 9 314 1
B 9 315 1
B 9 318 2
B 9 325 2
B 9 326 1
B 9 331 1
B 9 335 1
B 9 337 1
B 9 349 1
B 9 355 2
B 9 357 1
B 9 360 1
B 9 373 1
B 9 374 1
B 9 379 1
B 9 403 1
B 9 408 1
B 9 411 1
B 9 438 1
B 9 445 3
B 9 450 1
B 9 464 1
B 9 507 1
B 9 512 1
B 9 526 1
B 9 530 1
P 10 0.020
B 10 1 1
B 10 7 1
B 10 17 1
B 10 24 1
B 10 28 1
B 10 38 2
B 10 41 1
B 10 42 2
B 10 47 1
B 10 53 2
B 10 54 1
B 10 56 1
B 10 61 2
B 10 67 1
B 10 69 2
B 10 70 1
B 10 71 1
B 10 72 1
B 10 85 1
B 10 88 1
B 10 100 1
B 10 110 1
B 10 113 1
B 10 119 1
B 10 122 1
B 10 123 2
B 10 127 1
B 10 128 1
B 10 129 1
B 10 130 1
B 10 131 1
B 10 132 3
B 10 143 1
B 10 153 1
B 10 163 3
B 10 167 1
B 10 177 1
B 10 179 2
B 10 184 2
B 10 186 1
B 10 187 1
B 10 190 1
B 10 194 1
B 10 195 1
B 10 196 1
B 10 202 1
B 10 213 3
B 10 214 1
B 10 215 2
B 10 230 1
B 10 234 2
B 10 236 2
B 10 241 1
B 10 251 2
B 10 259 2
B 10 264 1
B 10 274 1
B 10 279 1
B 10 280 4
B 10 281 1
B 10 282 1
B 10 283 1
B 10 284 1
B 10 291 1
B 10 297 2
B 10 301 2
B 10 308 1
B 10 331 2
B 10 332 1
B 10 341 1
B 10 346 1
B 10 349 1
B 10 350 1
B 10 354 1
B 10 356 1
B 10 358 1
B 10 370 1
B 10 372 1
B 10 382 1
B 10 389 1
B 10 397 1
B 10 401 1
B 10 403 1
B 10 412 1
B 10 423 1
B 10 424 1
B 10 427 1
B 10 440 2
B 10 473 1
B 10 476 1
B 10 477 1
B 10 480 2
B 10 487 1
B 10 502 1
B 10 537 1
P 11 0.020
B 11 5 2
B 11 8 1
B 11 19 1
B 11 22 2
B 11 37 2
B 11 38 1
B 11 42 1
B 11 44 1
B 11 46 2
B 11 55 1
B 11 56 1
B 11 60 1
B 11 68 1
B 11 69 1
B 11 70 1
B 11 71 1
B 11 74 1
B 11 76 1
B 11 78 3
B 11 80 1
B 11 81 2
B 11 82 1
B 11 84 1
B 11 85 1
B 11 86 1
B 11 89 1
B 11 90 1
B 11 108 2
B 11 112 1
B 11 122 1
B 11 126 2
B 11 130 1
B 11 137 1
B 11 142 1
B 11 144 1
B 11 154 1
B 11 158 1
B 11 159 1
B 11 186 1
B 11 191 1
B 11 192 1
B 11 194 2
B 11 198 1
B 11 200 1
B 11 207 1
B 11 208 1
B 11 213 1
B 11 219 1
B 11 221 1
B 11 234 1
B 11 249 4
B 11 253 1
B 11 256 1
B 11 259 1
B 11 260 1
B 11 266 1
B 11 284 2
B 11 289 1
B 11 298 1
B 11 300 1
B 11 316 1
B 11 319 1
B 11 323 1
B 11 325 1
B 11 331 1
B 11 339 1
B 11 344 1
B 11 346 1
B 11 356 1
B 11 357 1
B 11 361 1
B 11 363 1
B 11 370 1
B 11 377 1
B 11 386 1
B 11 394 1
B 11 400 1
B 11 403 2
B 11 414 1
B 11 418 1
B 11 420 1
B 11 424 1
B 11 438 3
B 11 440 1
B 11 450 2
B 11 462 1
B 11 477 1
B 11 485 1
B 11 489 2
B 11 502 1
B 11 508 1
B 11 512 1
B 11 518 1
B 11 519 2
B 11 538 1
P 12 0.020
B 12 8 1
B 12 17 1
B 12 27 1
B 12 34 1
B 12 38 1
B 12 41 2
B 12 43 1
B 12 50 1
B 12 55 1
B 12 64 1
B 12 66 1
B 12 69 1
B 12 72 2
B 12 73 1
B 12 76 1
B 12 77 1
B 12 85 1
B 12 104 1
B 12 106 1
B 12 122 1
B 12 133 1
B 12 135 1
B 12 137 2
B 12 142 2
B 12 144 2
B 12 152 1
B 12 153 1
B 12 155 1
B 12 163 1
B 12 171 1
B 12 185 1
B 12 186 1
B 12 188 1
B 12 192 1
B 12 193 1
B 12 195 1
B 12 198 1
B 12 200 1
B 12 208 3
B 12 212 2
B 12 216 1
B 12 217 1
B 12 219 2
B 12 222 1
B 12 237 2
B 12 242 4
B 12 243 2
B 12 248 1
B 12 250 2
B 12 265 2
B 12 272 1
B 12 286 1
B 12 293 1
B 12 297 2
B 12 301 1
B 12 303 1
B 12 306 1
B 12 308 1
B 12 319 1
B 12 322 1
B 12 325 1
B 12 331 1
B 12 347 1
B 12 349 2
B 12 352 2
B 12 355 1
B 12 371 1
B 12 378 2
B 12 379 1
B 12 380 1
B 12 382 1
B 12 407 2
B 12 411 1
B 12 418 1
B 12 427 1
B 12 440 1
B 12 450 1
B 12 457 1
B 12 462 2
B 12 472 1
B 12 476 1
B 12 478 1
B 12 481 1
B 12 491 1
B 12 502 1
B 12 506 1
B 12 508 1
P 13 0.020
B 13 8 1
B 13 24 3
B 13 32 1
B 13 33 1
B 13 45 1
B 13 46 1
B 13 52 1
B 13 64 1
B 13 70 1
B 13 72 1
B 13 73 1
B 13 76 1
B 13 83 1
B 13 84 1
B 13 85 1
B 13 90 1
B 13 99 1
B 13 106 2
B 13 119 1
B 13 122 3
B 13 123 2
B 13 125 2
B 13 130 2
B 13 133 1
B 13 135 1
B 13 137 1
B 13 145 2
B 13 151 2
B 13 163 2
B 13 175 1
B 13 178 1
B 13 179 1
B 13 186 1
B 13 192 1
B 13 195 1
B 13 197 1
B 13 198 1
B 13 204 1
B 13 205 1
B 13 207 1
B 13 210 1
B 13 211 1
B 13 212 1
B 13 221 1
B 13 229 2
B 13 237 1
B 13 242 1
B 13 244 1
B 13 251 1
B 13 252 2
B 13 264 1
B 13 267 2
B 13 272 1
B 13 280 2
B 13 290 1
B 13 292 1
B 13 299 1
B 13 302 1
B 13 322 1
B 13 327 1
B 13 343 1
B 13 345 1
B 13 349 1
B 13 355 1
B 13 359 1
B 13 361 1
B 13 363 2
B 13 371 1
B 13 378 1
B 13 386 2
B 13 391 2
B 13 392 2
B 13 396 1
B 13 403 1
B 13 405 1
B 13 431 1
B 13 437 1
B 13 438 1
B 13 440 1
B 13 444 1
B 13 449 2
B 13 496 2
B 13 518 1
B 13 521 1
B 13 525 1
B 13 527 1
P 14 0.020
B 14 0 1
B 14 1 1
B 14 5 3
B 14 27 2
B 14 28 1
B 14 29 2
B 14 36 1
B 14 44 2
B 14 51 2
B 14 55 1
B 14 57 1
B 14 61 2
B 14 71 1
B 14 75 2
B 14 77 1
B 14 81 2
B 14 86 1
B 14 87 1
B 14 93 1
B 14 94 1
B 14 99 2
B 14 100 1
B 14 121 1
B 14 123 1
B 14 125 1
B 14 126 1
B 14 129 2
B 14 133 1
B 14 135 2
B 14 142 1
B 14 143 1
B 14 153 1
B 14 174 1
B 14 177 2
B 14 183 1
B 14 188 1
B 14 191 1
B 14 196 1
B 14 197 2
B 14 198 1
B 14 204 1
B 14 208 1
B 14 210 3
B 14 213 2
B 14 214 1
B 14 216 2
B 14 218 1
B 14 219 1
B 14 221 1
B 14 224 2
B 14 228 1
B 14 245 1
B 14 246 2
B 14 249 1
B 14 253 1
B 14 263 1
B 14 280 2
B 14 290 1
B 14 296 1
B 14 307 1
B 14 313 1
B 14 320 1
B 14 321 1
B 14 336 1
B 14 350 2
B 14 354 1
B 14 355 1
B 14 357 2
B 14 366 1
B 14 367 2
B 14 373 2
B 14 378 1
B 14 383 2
B 14 394 1
B 14 400 1
B 14 401 1
B 14 405 1
B 14 409 1
B 14 416 1
B 14 423 1
B 14 428 1
B 14 438 3
B 14 470 1
B 14 474 2
B 14 477 1
B 14 478 1
B 14 482 1
B 14 507 1
B 14 521 1
B 14 538 1
B 14 540 2
B 14 545 1
P 15 0.020
B 15 11 2
B 15 20 1
B 15 22 1
B 15 24 1
B 15 28 1
B 15 35 1
B 15 37 1
B 15 41 1
B 15 52 2
B 15 55 1
B 15 57 2
B 15 60 1
B 15 61 3
B 15 74 1
B 15 76 2
B 15 81 1
B 15 83 1
B 15 85 2
B 15 90 2
B 15 94 1
B 15 97 1
B 15 101 2
B 15 103 1
B 15 104 1
B 15 121 1
B 15 128 1
B 15 129 3
B 15 130 2
B 15 137 1
B 15 142 1
B 15 148 1
B 15 153 1
B 15 156 2
B 15 175 1
B 15 178 1
B 15 188 2
B 15 191 1
B 15 193 1
B 15 194 1
B 15 195 2
B 15 196 1
B 15 202 2
B 15 203 1
B 15 204 1
B 15 205 2
B 15 210 2
B 15 212 1
B 15 219 1
B 15 220 1
B 15 234 1
B 15 240 1
B 15 242 1
B 15 250 3
B 15 266 1
B 15 268 2
B 15 277 1
B 15 284 1
B 15 288 1
B 15 294 1
B 15 308 1
B 15 310 1
B 15 317 2
B 15 318 1
B 15 341 1
B 15 349 2
B 15 352 2
B 15 370 1
B 15 392 1
B 15 405 1
B 15 407 2
B 15 413 2
B 15 417 3
B 15 418 1
B 15 419 1
B 15 420 2
B 15 438 1
B 15 440 1
B 15 452 1
B 15 464 1
B 15 465 1
B 15 482 2
B 15 483 2
B 15 539 1
B 15 541 2
P 16 0.020
B 16 7 3
B 16 29 1
B 16 34 1
B 16 35 2
B 16 38 1
B 16 42 2
B 16 46 2
B 16 52 2
B 16 53 2
B 16 54 1
B 16 57 2
B 16 58 1
B 16 64 1
B 16 69 2
B 16 72 2
B 16 76 2
B 16 80 1
B 16 84 1
B 16 85 3
B 16 92 1
B 16 103 1
B 16 104 1
B 16 114 1
B 16 119 1
B 16 121 1
B 16 132 1
B 16 136 1
B 16 148 1
B 16 156 1
B 16 159 1
B 16 160 3
B 16 161 1
B 16 163 2
B 16 183 1
B 16 188 3
B 16 194 1
B 16 205 1
B 16 211 2
B 16 212 1
B 16 220 1
B 16 234 2
B 16 238 2
B 16 240 1
B 16 244 2
B 16 253 1
B 16 254 1
B 16 256 1
B 16 261 1
B 16 262 1
B 16 275 1
B 16 278 2
B 16 286 1
B 16 292 1
B 16 293 1
B 16 294 3
B 16 301 1
B 16 309 1
B 16 314 1
B 16 315 1
B 16 320 2
B 16 325 2
B 16 326 1
B 16 344 2
B 16 357 1
B 16 359 1
B 16 367 2
B 16 368 1
B 16 370 1
B 16 380 1
B 16 381 1
B 16 383 1
B 16 384 1
B 16 385 1
B 16 386 1
B 16 399 1
B 16 434 1
B 16 435 1
B 16 438 2
B 16 440 1
B 16 454 1
B 16 458 1
B 16 460 2
B 16 461 2
B 16 473 1
B 16 474 1
B 16 477 1
B 16 500 1
B 16 503 1
B 16 512 1
B 16 513 1
B 16 518 1
B 16 545 1
B 16 547 1
P 17 0.020
B 17 3 1
B 17 7 1
B 17 18 2
B 17 23 1
B 17 24 1
B 17 27 1
B 17 36 1
B 17 41 1
B 17 44 1
B 17 47 2
B 17 50 1
B 17 51 1
B 17 53 2
B 17 60 2
B 17 61 1
B 17 62 2
B 17 63 1
B 17 64 1
B 17 67 1
B 17 70 1
B 17 77 2
B 17 83 1
B 17 86 1
B 17 89 1
B 17 90 2
B 17 91 1
B 17 104 1
B 17 105 1
B 17 119 2
B 17 137 1
B 17 144 3
B 17 153 1
B 17 172 1
B 17 185 1
B 17 187 1
B 17 191 1
B 17 193 1
B 17 195 1
B 17 217 1
B 17 224 1
B 17 234 2
B 17 239 1
B 17 240 2
B 17 243 3
B 17 244 1
B 17 249 1
B 17 250 1
B 17 251 1
B 17 254 1
B 17 257 1
B 17 258 1
B 17 272 1
B 17 276 2
B 17 277 1
B 17 285 1
B 17 290 1
B 17 294 2
B 17 298 1
B 17 309 1
B 17 314 1
B 17 315 2
B 17 318 2
B 17 346 1
B 17 350 1
B 17 352 1
B 17 361 1
B 17 363 1
B 17 366 2
B 17 370 1
B 17 379 1
B 17 385 1
B 17 386 1
B 17 389 1
B 17 394 1
B 17 405 1
B 17 416 3
B 17 417 1
B 17 444 1
B 17 454 1
B 17 470 3
B 17 483 1
B 17 500 1
B 17 512 1
B 17 526 1
B 17 544 2
P 18 0.020
B 18 7 1
B 18 12 1
B 18 18 3
B 18 34 1
B 18 42 1
B 18 44 3
B 18 45 1
B 18 49 1
B 18 54 2
B 18 55 2
B 18 64 2
B 18 68 1
B 18 70 1
B 18 90 2
B 18 103 1
B 18 114 1
B 18 115 2
B 18 119 1
B 18 121 1
B 18 126 1
B 18 131 1
B 18 135 1
B 18 137 2
B 18 138 1
B 18 152 1
B 18 155 2
B 18 161 1
B 18 166 1
B 18 176 1
B 18 178 1
B 18 186 2
B 18 187 1
B 18 188 1
B 18 193 2
B 18 195 2
B 18 197 2
B 18 207 1
B 18 208 2
B 18 209 1
B 18 227 1
B 18 229 3
B 18 233 1
B 18 234 1
B 18 237 2
B 18 239 1
B 18 249 1
B 18 250 1
B 18 252 1
B 18 262 1
B 18 263 1
B 18 264 1
B 18 266 1
B 18 269 1
B 18 284 1
B 18 285 1
B 18 286 1
B 18 294 2
B 18 299 1
B 18 302 1
B 18 315 1
B 18 324 1
B 18 329 1
B 18 333 1
B 18 345 1
B 18 353 1
B 18 361 1
B 18 364 1
B 18 372 1
B 18 373 1
B 18 387 1
B 18 403 1
B 18 427 1
B 18 428 2
B 18 429 1
B 18 434 1
B 18 440 2
B 18 454 2
B 18 458 1
B 18 460 1
B 18 474 3
B 18 476 1
B 18 493 2
B 18 506 1
B 18 512 1
B 18 545 3
P 19 0.020
B 19 0 1
B 19 7 2
B 19 8 1
B 19 20 1
B 19 21 1
B 19 24 1
B 19 28 1
B 19 29 1
B 19 32 1
B 19 34 1
B 19 42 1
B 19 45 2
B 19 46 1
B 19 55 2
B 19 57 1
B 19 67 2
B 19 71 1
B 19 72 1
B 19 73 1
B 19 85 1
B 19 97 1
B 19 107 1
B 19 115 2
B 19 119 1
B 19 123 1
B 19 126 1
B 19 129 2
B 19 131 1
B 19 133 1
B 19 140 1
B 19 148 1
B 19 153 1
B 19 161 1
B 19 163 1
B 19 184 1
B 19 191 1
B 19 193 1
B 19 206 1
B 19 207 2
B 19 211 1
B 19 212 1
B 19 217 2
B 19 221 2
B 19 228 1
B 19 234 2
B 19 247 1
B 19 250 1
B 19 251 2
B 19 253 4
B 19 264 1
B 19 272 1
B 19 288 1
B 19 289 1
B 19 293 1
B 19 294 1
B 19 309 2
B 19 314 1
B 19 316 2
B 19 325 1
B 19 341 1
B 19 345 1
B 19 347 1
B 19 349 2
B 19 350 1
B 19 369 1
B 19 371 1
B 19 381 2
B 19 400 1
B 19 405 1
B 19 406 1
B 19 417 1
B 19 426 2
B 19 438 1
B 19 442 1
B 19 458 2
B 19 468 1
B 19 470 1
B 19 488 1
B 19 495 1
B 19 504 1
B 19 538 2
P 20 0.020
B 20 4 1
B 20 17 3
B 20 32 1
B 20 42 1
B 20 53 1
B 20 56 1
B 20 57 1
B 20 60 2
B 20 61 1
B 20 64 1
B 20 73 1
B 20 74 1
B 20 75 3
B 20 81 1
B 20 83 1
B 20 84 1
B 20 87 1
B 20 89 1
B 20 91 1
B 20 97 1
B 20 102 1
B 20 119 2
B 20 125 2
B 20 126 1
B 20 127 1
B 20 130 2
B 20 132 1
B 20 133 2
B 20 135 2
B 20 142 1
B 20 153 1
B 20 159 1
B 20 161 1
B 20 163 1
B 20 174 2
B 20 177 2
B 20 178 1
B 20 183 1
B 20 185 1
B 20 190 1
B 20 192 2
B 20 198 2
B 20 203 2
B 20 207 1
B 20 213 1
B 20 215 1
B 20 217 1
B 20 219 1
B 20 221 1
B 20 226 1
B 20 227 1
B 20 228 3
B 20 234 1
B 20 245 1
B 20 250 1
B 20 251 2
B 20 253 1
B 20 254 3
B 20 255 2
B 20 262 2
B 20 267 1
B 20 278 1
B 20 279 1
B 20 289 1
B 20 290 2
B 20 303 1
B 20 304 1
B 20 309 1
B 20 310 1
B 20 337 1
B 20 344 1
B 20 345 1
B 20 346 1
B 20 353 1
B 20 354 1
B 20 356 1
B 20 363 1
B 20 388 1
B 20 404 1
B 20 428 1
B 20 450 4
B 20 462 2
B 20 476 1
B 20 494 1
B 20 500 2
B 20 511 1
B 20 512 1
B 20 524 1
B 20 536 1
P 21 0.020
B 21 17 1
B 21 21 1
B 21 22 1
B 21 29 1
B 21 31 1
B 21 38 1
B 21 41 1
B 21 42 1
B 21 43 2
B 21 45 1
B 21 46 2
B 21 47 1
B 21 50 1
B 21 52 1
B 21 55 1
B 21 64 1
B 21 71 1
B 21 72 1
B 21 76 1
B 21 86 1
B 21 103 1
B 21 109 2
B 21 112 1
B 21 122 1
B 21 123 2
B 21 125 1
B 21 126 1
B 21 127 2
B 21 128 2
B 21 130 1
B 21 132 1
B 21 137 1
B 21 152 1
B 21 155 2
B 21 156 1
B 21 160 1
B 21 163 2
B 21 181 2
B 21 188 1
B 21 191 1
B 21 193 1
B 21 194 1
B 21 199 1
B 21 202 1
B 21 203 1
B 21 204 1
B 21 206 1
B 21 211 1
B 21 214 1
B 21 219 2
B 21 223 2
B 21 224 1
B 21 229 1
B 21 237 1
B 21 251 1
B 21 261 1
B 21 273 1
B 21 279 1
B 21 283 1
B 21 290 1
B 21 297 1
B 21 299 1
B 21 314 1
B 21 318 1
B 21 322 1
B 21 325 2
B 21 326 2
B 21 341 1
B 21 349 1
B 21 359 1
B 21 370 1
B 21 371 2
B 21 381 1
B 21 392 2
B 21 411 2
B 21 412 1
B 21 418 1
B 21 454 4
B 21 460 1
B 21 464 1
B 21 471 1
B 21 473 1
B 21 485 2
B 21 487 1
B 21 502 1
B 21 503 1
B 21 525 2
B 21 528 1
B 21 531 1
P 22 0.020
B 22 10 1
B 22 15 1
B 22 28 1
B 22 38 1
B 22 42 1
B 22 45 1
B 22 55 1
B 22 62 1
B 22 64 1
B 22 69 1
B 22 84 1
B 22 93 1
B 22 99 1
B 22 105 1
B 22 112 1
B 22 119 1
B 22 121 1
B 22 122 2
B 22 127 2
B 22 135 1
B 22 153 1
B 22 156 1
B 22 160 1
B 22 163 2
B 22 177 1
B 22 182 1
B 22 183 1
B 22 187 1
B 22 189 1
B 22 197 1
B 22 198 1
B 22 208 3
B 22 212 2
B 22 218 1
B 22 219 2
B 22 221 2
B 22 222 1
B 22 226 1
B 22 235 1
B 22 236 1
B 22 249 1
B 22 253 1
B 22 256 1
B 22 260 1
B 22 278 1
B 22 287 1
B 22 292 1
B 22 293 1
B 22 295 1
B 22 299 1
B 22 301 1
B 22 315 1
B 22 316 1
B 22 318 1
B 22 322 2
B 22 332 1
B 22 344 1
B 22 353 1
B 22 361 1
B 22 369 1
B 22 373 2
B 22 378 2
B 22 388 1
B 22 400 2
B 22 408 1
B 22 438 1
B 22 440 1
B 22 460 2
B 22 461 1
B 22 464 1
B 22 468 1
B 22 470 1
B 22 483 1
B 22 488 1
B 22 499 2
B 22 524 1
B 22 529 1
B 22 535 1
B 22 541 3
P 23 0.020
B 23 17 3
B 23 18 1
B 23 22 1
B 23 45 1
B 23 48 1
B 23 62 1
B 23 70 2
B 23 75 1
B 23 76 3
B 23 114 2
B 23 119 2
B 23 122 1
B 23 128 2
B 23 129 3
B 23 130 1
B 23 132 2
B 23 135 2
B 23 142 2
B 23 145 1
B 23 147 1
B 23 148 1
B 23 155 1
B 23 159 1
B 23 177 2
B 23 179 1
B 23 182 1
B 23 185 1
B 23 188 1
B 23 192 1
B 23 195 1
B 23 214 1
B 23 219 1
B 23 239 1
B 23 241 1
B 23 243 1
B 23 247 1
B 23 254 4
B 23 258 1
B 23 267 1
B 23 278 2
B 23 284 2
B 23 287 1
B 23 290 1
B 23 296 2
B 23 325 1
B 23 330 1
B 23 341 1
B 23 346 1
B 23 378 1
B 23 380 2
B 23 383 1
B 23 405 2
B 23 416 1
B 23 422 1
B 23 426 2
B 23 470 1
B 23 498 1
B 23 500 1
B 23 502 2
B 23 520 1
B 23 525 1
B 23 532 1
B 23 539 2
P 24 0.020
B 24 1 1
B 24 16 2
B 24 22 1
B 24 33 2
B 24 37 1
B 24 38 1
B 24 41 1
B 24 49 2
B 24 50 1
B 24 52 1
B 24 55 2
B 24 57 2
B 24 62 1
B 24 72 1
B 24 74 2
B 24 77 1
B 24 78 2
B 24 84 1
B 24 85 3
B 24 92 2
B 24 97 1
B 24 98 1
B 24 99 1
B 24 105 1
B 24 123 1
B 24 132 2
B 24 137 2
B 24 140 1
B 24 155 1
B 24 156 1
B 24 158 1
B 24 161 1
B 24 163 1
B 24 177 2
B 24 178 1
B 24 191 1
B 24 193 2
B 24 198 1
B 24 199 1
B 24 204 2
B 24 205 1
B 24 219 1
B 24 221 1
B 24 228 3
B 24 230 1
B 24 249 1
B 24 253 2
B 24 254 1
B 24 255 1
B 24 258 1
B 24 270 1
B 24 278 1
B 24 283 1
B 24 285 1
B 24 303 1
B 24 305 1
B 24 314 1
B 24 331 1
B 24 333 1
B 24 341 2
B 24 356 1
B 24 371 1
B 24 384 1
B 24 387 1
B 24 388 1
B 24 449 2
B 24 454 2
B 24 460 1
B 24 465 1
B 24 466 1
B 24 468 2
B 24 473 1
B 24 478 1
B 24 489 2
B 24 495 1
B 24 532 1
P 25 0.020
B 25 5 1
B 25 6 2
B 25 17 2
B 25 27 1
B 25 41 1
B 25 44 1
B 25 45 1
B 25 47 2
B 25 49 1
B 25 53 1
B 25 54 1
B 25 57 1
B 25 65 1
B 25 67 2
B 25 70 1
B 25 72 1
B 25 73 2
B 25 80 1
B 25 85 2
B 25 87 1
B 25 98 1
B 25 99 2
B 25 110 2
B 25 119 1
B 25 128 1
B 25 129 1
B 25 131 1
B 25 133 3
B 25 136 1
B 25 137 1
B 25 138 1
B 25 140 1
B 25 149 1
B 25 153 1
B 25 156 2
B 25 157 1
B 25 158 1
B 25 178 1
B 25 179 3
B 25 183 1
B 25 189 1
B 25 192 2
B 25 193 1
B 25 205 1
B 25 206 2
B 25 207 1
B 25 213 1
B 25 221 1
B 25 227 1
B 25 235 2
B 25 236 1
B 25 239 1
B 25 245 1
B 25 250 1
B 25 251 1
B 25 256 3
B 25 266 2
B 25 272 1
B 25 278 1
B 25 282 2
B 25 285 1
B 25 290 1
B 25 292 1
B 25 296 1
B 25 300 1
B 25 301 1
B 25 313 1
B 25 316 1
B 25 318 1
B 25 326 1
B 25 340 1
B 25 341 2
B 25 344 1
B 25 346 1
B 25 370 1
B 25 384 1
B 25 386 2
B 25 398 1
B 25 406 1
B 25 420 1
B 25 427 1
B 25 438 1
B 25 464 1
B 25 472 1
B 25 473 1
B 25 476 3
B 25 477 1
B 25 485 2
B 25 513 1
B 25 521 1
B 25 530 2
P 26 0.020
B 26 18 1
B 26 22 1
B 26 25 1
B 26 28 1
B 26 43 2
B 26 46 1
B 26 52 1
B 26 54 1
B 26 55 1
B 26 57 1
B 26 60 3
B 26 70 1
B 26 74 2
B 26 77 1
B 26 78 1
B 26 82 1
B 26 87 1
B 26 104 1
B 26 119 1
B 26 122 2
B 26 125 1
B 26 137 2
B 26 144 1
B 26 150 2
B 26 155 1
B 26 157 1
B 26 163 2
B 26 176 1
B 26 178 3
B 26 179 1
B 26 183 2
B 26 190 3
B 26 193 1
B 26 194 2
B 26 196 1
B 26 197 1
B 26 202 3
B 26 203 1
B 26 209 2
B 26 219 1
B 26 221 1
B 26 234 1
B 26 244 1
B 26 246 1
B 26 247 1
B 26 250 1
B 26 261 2
B 26 272 1
B 26 275 1
B 26 280 1
B 26 294 1
B 26 299 1
B 26 303 1
B 26 322 1
B 26 329 1
B 26 343 3
B 26 349 1
B 26 361 1
B 26 367 1
B 26 372 1
B 26 385 1
B 26 394 1
B 26 404 1
B 26 405 2
B 26 418 2
B 26 434 1
B 26 435 1
B 26 438 1
B 26 460 1
B 26 464 2
B 26 470 1
B 26 482 1
B 26 490 2
B 26 498 1
B 26 518 1
B 26 541 1
P 27 0.020
B 27 7 1
B 27 8 2
B 27 10 1
B 27 17 1
B 27 20 1
B 27 24 1
B 27 29 1
B 27 33 1
B 27 42 1
B 27 43 1
B 27 44 1
B 27 46 1
B 27 50 2
B 27 52 1
B 27 55 1
B 27 56 1
B 27 57 1
B 27 60 1
B 27 61 1
B 27 64 1
B 27 72 3
B 27 75 1
B 27 76 2
B 27 77 2
B 27 79 1
B 27 81 1
B 27 86 1
B 27 89 2
B 27 90 1
B 27 91 1
B 27 93 1
B 27 105 1
B 27 108 1
B 27 115 1
B 27 124 1
B 27 127 1
B 27 131 1
B 27 132 1
B 27 136 1
B 27 142 1
B 27 148 1
B 27 151 2
B 27 153 1
B 27 169 1
B 27 175 1
B 27 181 1
B 27 191 1
B 27 192 1
B 27 197 1
B 27 202 1
B 27 218 1
B 27 239 1
B 27 240 1
B 27 242 2
B 27 243 1
B 27 244 1
B 27 247 2
B 27 250 1
B 27 252 1
B 27 254 1
B 27 255 1
B 27 258 1
B 27 288 1
B 27 291 1
B 27 294 2
B 27 297 3
B 27 318 1
B 27 325 1
B 27 352 1
B 27 357 2
B 27 373 1
B 27 392 1
B 27 414 1
B 27 428 1
B 27 434 1
B 27 472 1
B 27 495 1
B 27 496 1
B 27 498 1
B 27 500 1
B 27 504 1
B 27 514 1
B 27 526 1
B 27 529 1
P 28 0.020
B 28 0 1
B 28 11 1
B 28 17 1
B 28 41 1
B 28 54 1
B 28 57 1
B 28 70 2
B 28 71 1
B 28 81 2
B 28 84 1
B 28 86 1
B 28 89 1
B 28 99 1
B 28 105 2
B 28 108 1
B 28 119 1
B 28 122 1
B 28 127 3
B 28 131 1
B 28 133 2
B 28 152 1
B 28 156 1
B 28 158 1
B 28 163 1
B 28 175 1
B 28 177 1
B 28 179 1
B 28 192 1
B 28 196 1
B 28 198 1
B 28 205 1
B 28 212 1
B 28 214 1
B 28 217 2
B 28 226 3
B 28 227 1
B 28 233 1
B 28 234 2
B 28 241 1
B 28 246 1
B 28 251 1
B 28 252 1
B 28 256 1
B 28 257 1
B 28 272 1
B 28 276 2
B 28 277 1
B 28 293 1
B 28 304 1
B 28 309 2
B 28 319 1
B 28 325 3
B 28 331 3
B 28 358 1
B 28 361 1
B 28 378 1
B 28 379 2
B 28 392 1
B 28 403 2
B 28 413 2
B 28 422 1
B 28 428 1
B 28 440 3
B 28 447 1
B 28 474 1
B 28 483 2
B 28 485 1
B 28 506 1
B 28 545 1
P 29 0.020
B 29 19 1
B 29 24 2
B 29 27 1
B 29 35 1
B 29 38 2
B 29 39 1
B 29 45 3
B 29 46 1
B 29 52 1
B 29 57 1
B 29 73 2
B 29 75 1
B 29 76 1
B 29 78 2
B 29 84 1
B 29 90 2
B 29 92 1
B 29 103 1
B 29 104 1
B 29 116 1
B 29 121 3
B 29 122 1
B 29 127 4
B 29 128 1
B 29 137 1
B 29 138 1
B 29 153 1
B 29 158 1
B 29 160 1
B 29 162 1
B 29 175 2
B 29 191 1
B 29 193 1
B 29 198 2
B 29 204 1
B 29 205 1
B 29 206 2
B 29 219 1
B 29 224 1
B 29 225 1
B 29 250 2
B 29 255 1
B 29 262 1
B 29 265 1
B 29 266 1
B 29 280 2
B 29 285 2
B 29 289 1
B 29 298 1
B 29 299 1
B 29 301 1
B 29 352 1
B 29 358 1
B 29 383 1
B 29 394 1
B 29 401 1
B 29 417 2
B 29 420 3
B 29 424 1
B 29 428 1
B 29 434 2
B 29 438 2
B 29 451 1
B 29 470 2
B 29 474 1
B 29 494 1
B 29 505 1
B 29 536 1
B 29 538 1
B 29 541 1
P 30 0.020
B 30 5 1
B 30 15 2
B 30 24 2
B 30 27 2
B 30 36 1
B 30 54 1
B 30 57 1
B 30 61 2
B 30 64 2
B 30 67 2
B 30 71 1
B 30 74 1
B 30 75 1
B 30 76 1
B 30 77 2
B 30 78 1
B 30 85 1
B 30 89 1
B 30 94 1
B 30 100 1
B 30 105 1
B 30 124 2
B 30 125 1
B 30 126 2
B 30 131 1
B 30 134 1
B 30 142 1
B 30 154 1
B 30 158 1
B 30 163 1
B 30 177 2
B 30 185 1
B 30 186 1
B 30 194 1
B 30 196 1
B 30 199 2
B 30 201 1
B 30 202 1
B 30 205 1
B 30 207 1
B 30 210 2
B 30 221 1
B 30 231 2
B 30 234 2
B 30 235 2
B 30 240 1
B 30 241 1
B 30 242 2
B 30 254 1
B 30 267 1
B 30 280 3
B 30 288 1
B 30 299 1
B 30 302 1
B 30 303 1
B 30 306 3
B 30 314 1
B 30 320 1
B 30 343 2
B 30 346 1
B 30 359 1
B 30 361 2
B 30 384 1
B 30 388 1
B 30 417 2
B 30 424 1
B 30 428 1
B 30 442 1
B 30 447 1
B 30 463 1
B 30 470 1
B 30 471 2
B 30 482 1
B 30 487 1
B 30 493 1
B 30 497 1
B 30 517 1
B 30 541 4
P 31 0.020
B 31 0 1
B 31 8 2
B 31 18 1
B 31 38 1
B 31 41 2
B 31 42 1
B 31 45 3
B 31 51 2
B 31 57 1
B 31 62 2
B 31 67 1
B 31 68 1
B 31 71 1
B 31 72 1
B 31 74 2
B 31 80 2
B 31 87 2
B 31 91 2
B 31 107 1
B 31 119 1
B 31 122 2
B 31 126 1
B 31 133 1
B 31 140 1
B 31 151 1
B 31 153 1
B 31 159 2
B 31 176 1
B 31 183 1
B 31 190 1
B 31 192 1
B 31 194 2
B 31 202 1
B 31 205 2
B 31 207 1
B 31 211 1
B 31 212 1
B 31 234 1
B 31 237 1
B 31 238 1
B 31 244 1
B 31 246 2
B 31 249 1
B 31 250 2
B 31 256 1
B 31 263 2
B 31 272 1
B 31 275 2
B 31 292 1
B 31 301 1
B 31 303 1
B 31 312 1
B 31 339 1
B 31 345 2
B 31 364 1
B 31 366 1
B 31 373 1
B 31 386 1
B 31 392 2
B 31 409 1
B 31 411 1
B 31 417 1
B 31 422 1
B 31 442 1
B 31 450 1
B 31 460 2
B 31 472 1
B 31 493 1
B 31 500 1
B 31 510 1
B 31 517 1
B 31 521 2
B 31 540 1
B 31 541 2
B 31 548 1
P 32 0.020
B 32 5 1
B 32 16 1
B 32 19 1
B 32 21 1
B 32 33 1
B 32 44 1
B 32 47 1
B 32 49 1
B 32 51 1
B 32 59 1
B 32 68 2
B 32 70 2
B 32 71 2
B 32 76 3
B 32 84 1
B 32 85 1
B 32 97 1
B 32 102 1
B 32 119 1
B 32 126 2
B 32 130 1
B 32 131 1
B 32 134 1
B 32 145 1
B 32 147 1
B 32 155 2
B 32 158 1
B 32 160 1
B 32 163 1
B 32 176 1
B 32 186 2
B 32 193 1
B 32 197 1
B 32 206 1
B 32 213 1
B 32 218 1
B 32 224 2
B 32 231 1
B 32 239 1
B 32 248 2
B 32 255 1
B 32 262 1
B 32 272 1
B 32 277 1
B 32 280 1
B 32 287 1
B 32 288 1
B 32 289 1
B 32 294 1
B 32 297 1
B 32 302 1
B 32 337 1
B 32 338 1
B 32 353 1
B 32 363 1
B 32 375 1
B 32 392 2
B 32 394 1
B 32 400 2
B 32 403 3
B 32 405 1
B 32 416 2
B 32 433 1
B 32 438 2
B 32 448 1
B 32 468 1
B 32 470 1
B 32 493 1
B 32 525 1
B 32 544 1
P 33 0.020
B 33 10 1
B 33 17 1
B 33 22 1
B 33 24 1
B 33 26 1
B 33 36 1
B 33 49 1
B 33 51 1
B 33 62 1
B 33 64 1
B 33 69 1
B 33 72 1
B 33 77 1
B 33 79 1
B 33 85 2
B 33 100 1
B 33 101 1
B 33 107 1
B 33 117 1
B 33 122 5
B 33 123 1
B 33 128 1
B 33 133 2
B 33 134 1
B 33 137 2
B 33 138 1
B 33 139 1
B 33 144 1
B 33 148 1
B 33 159 1
B 33 160 2
B 33 163 1
B 33 177 1
B 33 178 2
B 33 189 1
B 33 190 2
B 33 192 1
B 33 204 3
B 33 205 1
B 33 207 1
B 33 208 1
B 33 210 1
B 33 211 1
B 33 212 2
B 33 213 1
B 33 217 1
B 33 244 1
B 33 249 1
B 33 252 1
B 33 253 1
B 33 259 1
B 33 281 1
B 33 282 2
B 33 286 1
B 33 296 1
B 33 308 2
B 33 309 1
B 33 316 1
B 33 321 1
B 33 332 1
B 33 343 1
B 33 350 1
B 33 353 1
B 33 360 2
B 33 370 1
B 33 372 1
B 33 373 1
B 33 374 1
B 33 378 1
B 33 387 1
B 33 390 1
B 33 418 1
B 33 466 1
B 33 474 1
B 33 484 1
B 33 494 2
B 33 510 1
B 33 512 2
B 33 516 1
B 33 517 1
B 33 521 1
B 33 522 1
B 33 534 1
B 33 541 1
P 34 0.020
B 34 17 2
B 34 21 1
B 34 24 1
B 34 34 1
B 34 42 4
B 34 43 1
B 34 46 1
B 34 53 2
B 34 57 1
B 34 63 1
B 34 72 1
B 34 75 1
B 34 78 2
B 34 83 1
B 34 90 1
B 34 97 1
B 34 98 1
B 34 101 2
B 34 107 2
B 34 108 1
B 34 117 1
B 34 122 1
B 34 127 1
B 34 136 2
B 34 140 1
B 34 153 1
B 34 155 1
B 34 173 1
B 34 179 1
B 34 183 1
B 34 192 2
B 34 194 2
B 34 196 1
B 34 212 2
B 34 215 1
B 34 222 2
B 34 224 1
B 34 227 1
B 34 228 2
B 34 234 2
B 34 238 1
B 34 242 1
B 34 244 1
B 34 251 2
B 34 253 1
B 34 254 1
B 34 258 2
B 34 262 2
B 34 274 2
B 34 291 1
B 34 304 1
B 34 307 1
B 34 317 1
B 34 318 1
B 34 353 1
B 34 359 1
B 34 361 1
B 34 377 1
B 34 391 1
B 34 396 1
B 34 414 1
B 34 426 1
B 34 484 1
B 34 493 1
B 34 496 1
B 34 512 1
B 34 516 1
B 34 530 2
B 34 534 1
B 34 535 1
P 35 0.020
B 35 3 1
B 35 21 1
B 35 27 1
B 35 32 3
B 35 41 2
B 35 49 1
B 35 51 1
B 35 56 1
B 35 57 1
B 35 61 1
B 35 64 1
B 35 67 2
B 35 68 2
B 35 73 1
B 35 74 1
B 35 76 1
B 35 78 2
B 35 79 1
B 35 85 2
B 35 91 1
B 35 102 1
B 35 107 1
B 35 126 1
B 35 132 1
B 35 136 1
B 35 156 1
B 35 163 1
B 35 181 1
B 35 190 2
B 35 195 1
B 35 203 1
B 35 208 1
B 35 211 1
B 35 218 1
B 35 227 1
B 35 234 3
B 35 239 1
B 35 250 2
B 35 252 1
B 35 272 1
B 35 278 1
B 35 282 2
B 35 287 1
B 35 294 1
B 35 300 1
B 35 306 1
B 35 313 2
B 35 320 1
B 35 321 1
B 35 327 2
B 35 330 1
B 35 333 1
B 35 339 1
B 35 341 1
B 35 352 1
B 35 353 1
B 35 410 1
B 35 434 1
B 35 440 1
B 35 441 1
B 35 452 2
B 35 454 1
B 35 460 1
B 35 461 1
B 35 482 1
B 35 495 1
B 35 504 1
B 35 510 2
P 36 0.020
B 36 5 1
B 36 36 1
B 36 37 1
B 36 44 1
B 36 50 2
B 36 55 1
B 36 57 2
B 36 64 1
B 36 70 4
B 36 73 1
B 36 97 1
B 36 103 1
B 36 106 1
B 36 109 1
B 36 113 1
B 36 115 2
B 36 122 1
B 36 123 1
B 36 131 1
B 36 136 1
B 36 137 4
B 36 140 1
B 36 148 1
B 36 159 2
B 36 177 3
B 36 178 1
B 36 181 1
B 36 185 1
B 36 192 1
B 36 194 1
B 36 202 1
B 36 203 1
B 36 211 2
B 36 215 1
B 36 218 1
B 36 221 2
B 36 224 2
B 36 227 1
B 36 238 1
B 36 249 2
B 36 251 2
B 36 253 1
B 36 255 2
B 36 257 1
B 36 272 1
B 36 294 1
B 36 301 1
B 36 306 1
B 36 313 1
B 36 318 1
B 36 319 2
B 36 333 1
B 36 345 1
B 36 361 1
B 36 380 1
B 36 385 2
B 36 396 1
B 36 412 1
B 36 423 1
B 36 424 1
B 36 449 1
B 36 460 1
B 36 470 2
B 36 492 2
B 36 522 1
B 36 529 1
B 36 542 1
P 37 0.020
B 37 1 1
B 37 7 1
B 37 8 1
B 37 9 1
B 37 17 2
B 37 27 1
B 37 29 1
B 37 41 1
B 37 46 1
B 37 52 1
B 37 70 1
B 37 72 1
B 37 75 1
B 37 86 1
B 37 93 1
B 37 120 1
B 37 123 2
B 37 128 1
B 37 129 3
B 37 130 1
B 37 137 1
B 37 144 1
B 37 148 1
B 37 153 2
B 37 159 1
B 37 179 2
B 37 187 1
B 37 192 1
B 37 197 1
B 37 198 1
B 37 203 1
B 37 204 2
B 37 205 2
B 37 218 3
B 37 221 1
B 37 222 1
B 37 224 1
B 37 235 1
B 37 240 1
B 37 241 1
B 37 244 1
B 37 246 1
B 37 248 1
B 37 251 1
B 37 254 1
B 37 261 1
B 37 275 1
B 37 277 1
B 37 289 2
B 37 290 2
B 37 303 1
B 37 305 2
B 37 311 1
B 37 316 1
B 37 341 1
B 37 345 1
B 37 353 1
B 37 355 1
B 37 363 2
B 37 370 3
B 37 378 1
B 37 388 1
B 37 393 1
B 37 396 1
B 37 422 1
B 37 438 1
B 37 451 1
B 37 457 1
B 37 461 1
B 37 466 1
B 37 469 2
B 37 470 1
B 37 512 1
B 37 513 2
B 37 519 1
B 37 521 2
B 37 530 1
B 37 536 2
P 38 0.020
B 38 8 1
B 38 18 1
B 38 27 1
B 38 28 1
B 38 29 2
B 38 38 1
B 38 41 1
B 38 45 1
B 38 47 1
B 38 54 1
B 38 72 1
B 38 73 1
B 38 74 1
B 38 78 1
B 38 79 1
B 38 81 2
B 38 82 1
B 38 83 1
B 38 85 4
B 38 87 1
B 38 106 2
B 38 113 1
B 38 114 1
B 38 117 1
B 38 119 1
B 38 121 1
B 38 122 1
B 38 126 1
B 38 133 1
B 38 138 2
B 38 156 1
B 38 158 1
B 38 163 1
B 38 177 1
B 38 178 1
B 38 179 1
B 38 188 1
B 38 192 1
B 38 193 1
B 38 197 1
B 38 203 2
B 38 205 1
B 38 207 1
B 38 212 1
B 38 228 1
B 38 233 1
B 38 244 2
B 38 245 1
B 38 246 2
B 38 249 2
B 38 277 2
B 38 278 2
B 38 279 1
B 38 287 2
B 38 288 1
B 38 294 3
B 38 296 1
B 38 302 3
B 38 318 1
B 38 321 1
B 38 346 1
B 38 355 1
B 38 361 2
B 38 373 2
B 38 384 1
B 38 403 1
B 38 407 2
B 38 408 1
B 38 417 1
B 38 438 1
B 38 440 1
B 38 457 1
B 38 507 1
B 38 542 1
P 39 0.020
B 39 8 1
B 39 27 1
B 39 52 3
B 39 54 2
B 39 55 1
B 39 59 1
B 39 71 2
B 39 73 2
B 39 75 2
B 39 76 1
B 39 83 1
B 39 91 1
B 39 109 3
B 39 123 1
B 39 125 1
B 39 126 1
B 39 131 1
B 39 140 1
B 39 148 1
B 39 152 1
B 39 160 1
B 39 161 1
B 39 177 2
B 39 178 2
B 39 181 3
B 39 182 1
B 39 183 1
B 39 186 1
B 39 190 1
B 39 192 1
B 39 194 3
B 39 200 1
B 39 206 1
B 39 208 1
B 39 224 1
B 39 228 1
B 39 234 1
B 39 239 1
B 39 241 1
B 39 242 1
B 39 244 1
B 39 246 1
B 39 255 1
B 39 267 1
B 39 288 1
B 39 293 1
B 39 301 2
B 39 309 1
B 39 313 1
B 39 318 2
B 39 321 1
B 39 344 1
B 39 354 1
B 39 361 1
B 39 365 1
B 39 370 2
B 39 378 2
B 39 380 1
B 39 403 1
B 39 405 1
B 39 417 1
B 39 434 1
B 39 442 1
B 39 449 1
B 39 457 2
B 39 472 1
B 39 481 1
B 39 494 1
B 39 501 2
B 39 502 1
B 39 512 1
P 40 0.020
B 40 2 1
B 40 5 2
B 40 9 1
B 40 24 2
B 40 27 2
B 40 28 1
B 40 33 2
B 40 38 2
B 40 54 1
B 40 57 2
B 40 60 1
B 40 62 3
B 40 67 2
B 40 73 1
B 40 81 1
B 40 84 2
B 40 97 1
B 40 99 1
B 40 100 1
B 40 109 1
B 40 126 1
B 40 127 1
B 40 128 2
B 40 129 1
B 40 136 1
B 40 140 2
B 40 150 1
B 40 153 1
B 40 158 1
B 40 159 1
B 40 165 1
B 40 171 1
B 40 195 1
B 40 196 1
B 40 197 1
B 40 200 2
B 40 202 1
B 40 204 1
B 40 205 1
B 40 207 1
B 40 209 1
B 40 210 1
B 40 215 2
B 40 237 2
B 40 239 2
B 40 241 1
B 40 256 1
B 40 260 1
B 40 261 4
B 40 265 1
B 40 270 1
B 40 272 1
B 40 275 1
B 40 287 2
B 40 297 1
B 40 300 2
B 40 301 2
B 40 311 1
B 40 326 1
B 40 331 2
B 40 360 1
B 40 362 1
B 40 371 1
B 40 373 2
B 40 384 1
B 40 388 1
B 40 392 1
B 40 406 2
B 40 426 1
B 40 429 1
B 40 434 2
B 40 440 1
B 40 447 1
B 40 450 2
B 40 470 1
B 40 501 2
B 40 523 2
B 40 526 1
B 40 538 1
B 40 541 1
B 40 542 1
P 41 0.020
B 41 18 1
B 41 21 1
B 41 43 2
B 41 46 2
B 41 47 1
B 41 54 1
B 41 55 2
B 41 57 2
B 41 58 1
B 41 60 1
B 41 73 1
B 41 77 1
B 41 86 1
B 41 87 2
B 41 91 2
B 41 97 1
B 41 110 1
B 41 115 1
B 41 119 2
B 41 122 2
B 41 126 1
B 41 128 1
B 41 140 1
B 41 154 1
B 41 158 1
B 41 174 1
B 41 178 1
B 41 181 2
B 41 186 1
B 41 188 2
B 41 191 1
B 41 203 2
B 41 210 1
B 41 215 2
B 41 224 2
B 41 237 1
B 41 239 1
B 41 241 1
B 41 245 1
B 41 249 1
B 41 250 1
B 41 253 1
B 41 258 2
B 41 262 1
B 41 272 1
B 41 280 1
B 41 283 1
B 41 287 1
B 41 297 1
B 41 301 1
B 41 303 1
B 41 335 1
B 41 349 1
B 41 359 2
B 41 363 1
B 41 369 1
B 41 375 1
B 41 384 1
B 41 385 2
B 41 386 1
B 41 389 2
B 41 403 1
B 41 416 2
B 41 418 1
B 41 438 1
B 41 449 1
B 41 453 1
B 41 462 1
B 41 470 2
B 41 474 1
B 41 475 1
B 41 504 1
B 41 538 1
B 41 540 2
P 42 0.020
B 42 1 1
B 42 18 1
B 42 22 1
B 42 38 1
B 42 46 1
B 42 53 1
B 42 54 1
B 42 55 3
B 42 67 2
B 42 73 3
B 42 74 2
B 42 84 1
B 42 97 2
B 42 100 1
B 42 101 1
B 42 112 1
B 42 121 1
B 42 129 1
B 42 131 2
B 42 135 1
B 42 137 1
B 42 140 1
B 42 144 4
B 42 158 1
B 42 160 1
B 42 164 1
B 42 178 1
B 42 181 1
B 42 187 1
B 42 190 1
B 42 195 1
B 42 198 3
B 42 205 2
B 42 208 2
B 42 212 4
B 42 214 2
B 42 234 1
B 42 240 1
B 42 244 2
B 42 255 2
B 42 256 1
B 42 258 1
B 42 276 1
B 42 277 1
B 42 283 1
B 42 288 1
B 42 290 1
B 42 292 1
B 42 293 1
B 42 297 1
B 42 306 1
B 42 308 1
B 42 318 1
B 42 321 1
B 42 341 1
B 42 346 1
B 42 350 1
B 42 359 1
B 42 373 1
B 42 381 1
B 42 386 2
B 42 400 1
B 42 403 1
B 42 417 2
B 42 422 1
B 42 427 1
B 42 450 1
B 42 451 1
B 42 461 1
B 42 474 2
B 42 481 1
B 42 482 1
B 42 540 1
P 43 0.020
B 43 7 2
B 43 18 1
B 43 31 1
B 43 34 1
B 43 47 1
B 43 49 1
B 43 53 3
B 43 60 1
B 43 68 2
B 43 69 1
B 43 72 1
B 43 73 1
B 43 74 2
B 43 75 1
B 43 76 3
B 43 77 3
B 43 78 1
B 43 80 1
B 43 81 1
B 43 83 1
B 43 86 1
B 43 91 1
B 43 93 2
B 43 100 2
B 43 112 1
B 43 123 1
B 43 126 1
B 43 127 1
B 43 135 1
B 43 149 1
B 43 152 1
B 43 154 1
B 43 158 1
B 43 175 1
B 43 177 1
B 43 185 1
B 43 187 2
B 43 188 2
B 43 191 1
B 43 205 1
B 43 212 1
B 43 221 2
B 43 234 2
B 43 236 2
B 43 244 1
B 43 246 1
B 43 253 1
B 43 255 1
B 43 257 1
B 43 262 1
B 43 266 1
B 43 272 1
B 43 277 2
B 43 288 1
B 43 292 1
B 43 293 2
B 43 294 1
B 43 299 1
B 43 308 1
B 43 312 1
B 43 318 1
B 43 327 1
B 43 333 1
B 43 341 1
B 43 350 2
B 43 394 2
B 43 423 1
B 43 434 1
B 43 437 1
B 43 438 1
B 43 440 2
B 43 476 1
B 43 495 1
B 43 510 1
B 43 535 2
B 43 541 1
P 44 0.020
B 44 1 3
B 44 2 1
B 44 5 2
B 44 7 2
B 44 17 1
B 44 18 1
B 44 24 1
B 44 27 1
B 44 43 1
B 44 44 1
B 44 52 1
B 44 57 1
B 44 61 1
B 44 80 3
B 44 81 1
B 44 87 2
B 44 113 1
B 44 119 1
B 44 122 2
B 44 127 2
B 44 128 1
B 44 147 1
B 44 149 2
B 44 152 1
B 44 175 1
B 44 185 1
B 44 194 2
B 44 195 2
B 44 196 1
B 44 197 1
B 44 198 2
B 44 215 1
B 44 217 2
B 44 225 1
B 44 228 1
B 44 238 1
B 44 242 2
B 44 253 1
B 44 256 1
B 44 261 1
B 44 262 1
B 44 267 1
B 44 275 1
B 44 286 3
B 44 289 1
B 44 290 1
B 44 294 3
B 44 296 1
B 44 298 1
B 44 301 1
B 44 308 2
B 44 314 1
B 44 321 1
B 44 344 1
B 44 416 1
B 44 418 2
B 44 455 1
B 44 474 1
B 44 476 3
B 44 490 2
B 44 511 1
B 44 512 1
B 44 518 1
B 44 521 2
B 44 522 2
P 45 0.020
B 45 5 1
B 45 15 1
B 45 41 1
B 45 47 1
B 45 48 1
B 45 52 1
B 45 66 1
B 45 71 1
B 45 77 2
B 45 81 1
B 45 84 3
B 45 93 2
B 45 94 1
B 45 99 2
B 45 105 1
B 45 120 2
B 45 131 1
B 45 136 2
B 45 148 1
B 45 150 1
B 45 166 2
B 45 168 1
B 45 192 2
B 45 198 1
B 45 199 1
B 45 203 1
B 45 208 1
B 45 212 1
B 45 216 1
B 45 227 2
B 45 235 1
B 45 244 1
B 45 247 2
B 45 254 3
B 45 255 1
B 45 257 1
B 45 259 1
B 45 267 2
B 45 272 2
B 45 276 2
B 45 280 1
B 45 283 1
B 45 284 1
B 45 286 2
B 45 287 1
B 45 292 1
B 45 304 1
B 45 308 1
B 45 318 1
B 45 326 1
B 45 341 1
B 45 344 1
B 45 352 1
B 45 361 3
B 45 372 2
B 45 400 2
B 45 403 2
B 45 428 1
B 45 446 2
B 45 450 1
B 45 457 2
B 45 460 1
B 45 476 1
B 45 482 1
B 45 496 1
B 45 502 2
B 45 513 1
P 46 0.020
B 46 17 1
B 46 20 1
B 46 24 1
B 46 27 1
B 46 42 1
B 46 52 2
B 46 53 1
B 46 55 1
B 46 64 1
B 46 70 1
B 46 71 1
B 46 72 3
B 46 76 1
B 46 131 1
B 46 132 1
B 46 137 1
B 46 187 1
B 46 195 1
B 46 199 1
B 46 200 2
B 46 203 2
B 46 210 1
B 46 215 1
B 46 219 1
B 46 222 2
B 46 226 1
B 46 236 1
B 46 242 1
B 46 258 1
B 46 270 1
B 46 277 1
B 46 280 2
B 46 288 1
B 46 309 1
B 46 312 1
B 46 314 1
B 46 318 1
B 46 321 2
B 46 328 1
B 46 348 1
B 46 353 1
B 46 360 1
B 46 361 2
B 46 370 1
B 46 389 1
B 46 417 2
B 46 427 2
B 46 437 1
B 46 438 1
B 46 450 1
B 46 476 1
B 46 485 1
B 46 488 2
B 46 493 2
B 46 504 1
B 46 518 1
B 46 519 1
B 46 521 1
B 46 542 1
P 47 0.020
B 47 3 1
B 47 7 1
B 47 49 1
B 47 50 1
B 47 51 1
B 47 54 2
B 47 62 1
B 47 72 1
B 47 74 1
B 47 90 2
B 47 91 1
B 47 122 1
B 47 123 1
B 47 125 1
B 47 130 1
B 47 134 1
B 47 136 1
B 47 140 1
B 47 152 1
B 47 184 1
B 47 188 1
B 47 191 1
B 47 192 2
B 47 197 1
B 47 202 1
B 47 204 2
B 47 208 1
B 47 212 1
B 47 221 1
B 47 224 1
B 47 226 1
B 47 229 1
B 47 234 1
B 47 236 1
B 47 237 1
B 47 250 1
B 47 254 1
B 47 255 1
B 47 258 2
B 47 263 1
B 47 266 2
B 47 277 2
B 47 292 1
B 47 300 2
B 47 312 1
B 47 313 1
B 47 318 1
B 47 323 2
B 47 324 1
B 47 327 1
B 47 346 1
B 47 366 1
B 47 377 1
B 47 379 1
B 47 382 1
B 47 384 1
B 47 386 2
B 47 387 1
B 47 389 1
B 47 392 1
B 47 404 1
B 47 411 2
B 47 417 1
B 47 437 1
B 47 440 1
B 47 449 1
B 47 450 3
B 47 455 1
B 47 461 1
B 47 470 1
B 47 492 1
B 47 500 2
B 47 503 1
P 48 0.020
B 48 8 3
B 48 27 1
B 48 35 1
B 48 43 1
B 48 47 1
B 48 49 3
B 48 50 1
B 48 51 1
B 48 55 1
B 48 65 2
B 48 68 2
B 48 70 1
B 48 71 1
B 48 72 1
B 48 83 1
B 48 87 1
B 48 88 2
B 48 90 1
B 48 95 1
B 48 105 1
B 48 106 2
B 48 108 1
B 48 114 1
B 48 115 1
B 48 119 1
B 48 128 1
B 48 130 2
B 48 132 1
B 48 148 1
B 48 156 2
B 48 158 1
B 48 168 1
B 48 194 1
B 48 200 1
B 48 203 1
B 48 205 1
B 48 209 1
B 48 211 1
B 48 212 1
B 48 218 1
B 48 234 1
B 48 239 3
B 48 243 1
B 48 249 1
B 48 258 1
B 48 259 1
B 48 260 1
B 48 263 1
B 48 267 1
B 48 268 1
B 48 278 3
B 48 290 2
B 48 301 1
B 48 312 1
B 48 318 2
B 48 323 1
B 48 332 2
B 48 333 1
B 48 337 1
B 48 344 1
B 48 347 1
B 48 349 1
B 48 356 1
B 48 357 1
B 48 371 2
B 48 372 1
B 48 392 2
B 48 400 1
B 48 408 1
B 48 429 1
B 48 440 1
B 48 446 1
B 48 473 1
B 48 480 1
B 48 485 1
B 48 489 2
B 48 500 1
B 48 539 1
P 49 0.020
B 49 7 2
B 49 19 1
B 49 22 1
B 49 29 1
B 49 31 1
B 49 41 3
B 49 42 1
B 49 45 1
B 49 46 1
B 49 47 1
B 49 57 1
B 49 69 1
B 49 82 1
B 49 84 2
B 49 111 1
B 49 132 2
B 49 138 1
B 49 139 1
B 49 140 1
B 49 153 2
B 49 160 1
B 49 179 1
B 49 181 1
B 49 194 2
B 49 204 1
B 49 207 2
B 49 210 1
B 49 215 1
B 49 223 1
B 49 227 2
B 49 229 1
B 49 234 1
B 49 239 1
B 49 242 1
B 49 250 1
B 49 254 1
B 49 256 1
B 49 258 1
B 49 279 1
B 49 286 1
B 49 288 2
B 49 306 1
B 49 313 1
B 49 315 2
B 49 318 2
B 49 341 1
B 49 342 1
B 49 357 1
B 49 364 1
B 49 383 1
B 49 404 2
B 49 408 1
B 49 429 1
B 49 430 2
B 49 457 1
B 49 461 2
B 49 467 1
B 49 471 2
B 49 475 1
B 49 483 1
B 49 493 1
B 49 500 2
B 49 502 1
B 49 510 2
B 49 538 1
B 49 541 1
