50
P 0 0.020
B 0 7 1
B 0 11 1
B 0 15 2
B 0 20 1
B 0 23 1
B 0 27 2
B 0 30 1
B 0 37 1
B 0 46 2
B 0 56 1
P 1 0.020
B 1 6 1
B 1 15 1
B 1 35 3
B 1 52 1
B 1 57 2
B 1 59 2
B 1 60 1
B 1 62 1
P 2 0.020
B 2 0 2
B 2 8 1
B 2 11 3
B 2 12 1
B 2 20 1
B 2 21 2
B 2 23 1
B 2 46 1
B 2 50 1
P 3 0.020
B 3 3 1
B 3 8 1
B 3 12 2
B 3 15 3
B 3 16 1
B 3 21 1
B 3 25 3
B 3 38 1
B 3 46 1
B 3 48 1
B 3 49 1
B 3 51 1
B 3 52 1
B 3 53 1
B 3 61 1
P 4 0.020
B 4 6 1
B 4 12 2
B 4 22 1
B 4 25 1
B 4 31 1
B 4 56 1
B 4 59 1
B 4 72 1
P 5 0.020
B 5 6 1
B 5 11 1
B 5 21 1
B 5 33 1
B 5 36 1
B 5 37 1
B 5 41 1
B 5 52 1
B 5 54 1
B 5 62 1
P 6 0.020
B 6 15 1
B 6 19 1
B 6 23 1
B 6 35 1
B 6 38 1
B 6 46 1
B 6 58 1
P 7 0.020
B 7 6 1
B 7 11 1
B 7 12 1
B 7 21 1
B 7 22 1
B 7 33 1
B 7 37 1
B 7 46 1
B 7 47 1
B 7 48 2
B 7 54 1
B 7 57 2
B 7 58 1
B 7 64 1
P 8 0.020
B 8 0 1
B 8 9 1
B 8 11 1
B 8 13 1
B 8 21 1
B 8 33 1
B 8 39 1
B 8 48 1
B 8 56 1
B 8 61 1
P 9 0.020
B 9 10 2
B 9 16 1
B 9 33 1
B 9 37 1
B 9 63 1
P 10 0.020
B 10 2 1
B 10 12 1
B 10 15 1
B 10 22 1
B 10 23 2
B 10 25 1
B 10 33 1
B 10 39 1
B 10 49 2
B 10 51 1
B 10 52 1
B 10 59 1
B 10 72 1
P 11 0.020
B 11 16 1
B 11 23 1
B 11 35 4
B 11 56 1
B 11 57 1
B 11 64 2
P 12 0.020
B 12 15 3
B 12 16 1
B 12 25 1
B 12 31 1
B 12 33 1
B 12 36 1
B 12 46 1
P 13 0.020
B 13 9 1
B 13 12 1
B 13 28 1
B 13 39 1
B 13 46 1
B 13 47 1
B 13 55 1
B 13 57 1
B 13 60 2
B 13 65 2
P 14 0.020
B 14 11 1
B 14 15 2
B 14 17 1
B 14 22 2
B 14 33 1
B 14 61 1
P 15 0.020
B 15 10 1
B 15 21 3
B 15 48 1
B 15 56 1
B 15 65 1
B 15 71 1
P 16 0.020
B 16 10 1
B 16 12 1
B 16 21 1
B 16 22 2
B 16 23 1
B 16 35 3
B 16 57 2
B 16 60 1
P 17 0.020
B 17 12 1
B 17 21 2
B 17 25 1
B 17 31 1
B 17 33 1
B 17 59 1
B 17 60 1
B 17 61 1
B 17 68 1
P 18 0.020
B 18 11 1
B 18 12 1
B 18 14 3
B 18 19 1
B 18 23 2
B 18 26 1
B 18 33 1
B 18 50 1
B 18 52 3
B 18 54 1
P 19 0.020
B 19 6 1
B 19 10 1
B 19 11 1
B 19 20 1
B 19 30 1
B 19 33 1
B 19 36 2
B 19 39 2
B 19 41 1
B 19 44 2
B 19 51 1
B 19 64 2
P 20 0.020
B 20 39 1
B 20 56 1
P 21 0.020
B 21 15 1
B 21 26 1
B 21 33 1
B 21 36 1
B 21 47 1
P 22 0.020
B 22 5 1
B 22 12 1
B 22 22 1
B 22 25 1
B 22 29 1
B 22 46 2
B 22 50 1
B 22 57 1
P 23 0.020
B 23 7 1
B 23 15 1
B 23 22 2
B 23 35 1
B 23 36 1
B 23 56 1
B 23 61 1
P 24 0.020
B 24 5 1
B 24 11 1
B 24 15 1
B 24 21 1
B 24 23 2
B 24 25 1
B 24 54 1
P 25 0.020
B 25 3 2
B 25 22 1
B 25 28 1
B 25 31 2
B 25 56 1
B 25 59 2
B 25 62 2
P 26 0.020
B 26 11 2
B 26 16 2
B 26 22 2
B 26 23 1
B 26 29 2
B 26 33 1
B 26 44 1
B 26 45 1
B 26 47 1
B 26 60 1
B 26 62 1
P 27 0.020
B 27 17 2
B 27 29 1
B 27 31 1
B 27 40 2
B 27 52 1
P 28 0.020
B 28 11 1
B 28 12 1
B 28 15 1
B 28 21 1
B 28 22 1
B 28 23 1
B 28 33 1
B 28 35 1
B 28 45 2
B 28 59 2
P 29 0.020
B 29 6 2
B 29 21 1
B 29 23 1
B 29 25 1
B 29 35 1
B 29 40 1
B 29 41 1
B 29 44 2
B 29 64 1
B 29 73 1
P 30 0.020
B 30 24 1
B 30 41 1
B 30 57 1
B 30 73 1
P 31 0.020
B 31 11 1
B 31 16 2
B 31 17 1
B 31 22 2
B 31 35 1
B 31 41 1
B 31 58 1
B 31 61 2
P 32 0.020
B 32 17 1
B 32 19 1
B 32 21 2
B 32 22 1
B 32 26 1
B 32 50 1
B 32 52 1
B 32 58 1
B 32 62 2
B 32 64 1
P 33 0.020
B 33 5 1
B 33 8 1
B 33 21 1
B 33 26 1
B 33 28 1
B 33 33 1
B 33 59 1
P 34 0.020
B 34 7 2
B 34 29 1
B 34 46 1
B 34 54 1
B 34 56 1
B 34 58 1
P 35 0.020
B 35 6 1
B 35 21 1
B 35 22 1
B 35 25 2
B 35 46 1
B 35 54 1
B 35 57 1
B 35 58 1
P 36 0.020
B 36 11 1
B 36 22 1
B 36 31 1
B 36 41 1
B 36 59 1
P 37 0.020
B 37 6 1
B 37 25 1
B 37 29 1
B 37 46 2
B 37 51 1
B 37 52 2
P 38 0.020
B 38 15 2
B 38 17 2
B 38 22 1
B 38 31 1
B 38 32 1
B 38 35 1
B 38 54 2
B 38 60 1
B 38 61 2
P 39 0.020
B 39 7 1
B 39 55 1
B 39 66 1
P 40 0.020
B 40 6 1
B 40 7 1
B 40 22 1
B 40 23 2
B 40 25 1
B 40 33 1
B 40 35 1
B 40 36 1
B 40 53 2
B 40 59 1
B 40 62 1
P 41 0.020
B 41 6 1
B 41 16 1
B 41 27 1
B 41 46 1
B 41 53 2
P 42 0.020
B 42 11 1
B 42 12 1
B 42 15 1
B 42 32 1
B 42 50 1
B 42 63 1
P 43 0.020
B 43 11 1
B 43 18 1
B 43 25 2
B 43 33 1
B 43 40 1
B 43 48 2
P 44 0.020
B 44 16 1
B 44 20 2
B 44 22 1
B 44 35 1
P 45 0.020
B 45 7 2
B 45 21 1
B 45 22 2
B 45 31 1
B 45 52 2
B 45 53 2
B 45 61 2
P 46 0.020
B 46 6 1
B 46 30 1
B 46 35 2
B 46 53 1
B 46 56 1
B 46 65 1
P 47 0.020
B 47 3 1
B 47 21 1
B 47 44 1
B 47 53 1
B 47 57 1
B 47 61 1
B 47 67 1
P 48 0.020
B 48 12 1
B 48 13 1
B 48 25 1
B 48 26 1
B 48 27 1
B 48 30 1
B 48 31 1
B 48 59 1
B 48 60 1
P 49 0.020
B 49 18 2
B 49 22 1
B 49 46 1
B 49 53 1
B 49 57 1
B 49 73 1
