50
P 0 0.020
B 0 7 1
B 0 15 2
B 0 22 2
B 0 23 1
B 0 30 1
B 0 39 1
B 0 59 1
B 0 60 1
B 0 68 1
B 0 69 1
P 1 0.020
B 1 22 1
B 1 23 2
B 1 25 1
B 1 26 2
B 1 39 1
B 1 44 1
B 1 47 1
B 1 53 1
P 2 0.020
B 2 3 2
B 2 33 1
B 2 52 2
B 2 59 1
P 3 0.020
B 3 11 1
B 3 21 1
B 3 23 1
B 3 27 1
B 3 46 1
B 3 57 1
B 3 65 1
B 3 73 1
P 4 0.020
B 4 15 1
B 4 19 1
B 4 33 1
B 4 38 1
B 4 45 1
B 4 46 2
B 4 61 1
P 5 0.020
B 5 6 1
B 5 10 1
B 5 36 1
B 5 46 1
B 5 58 1
B 5 59 1
B 5 60 2
P 6 0.020
B 6 12 1
B 6 15 2
B 6 21 1
B 6 25 2
B 6 33 2
B 6 38 1
B 6 50 1
B 6 56 1
P 7 0.020
B 7 11 1
B 7 40 3
B 7 48 2
B 7 61 1
B 7 71 1
P 8 0.020
B 8 11 2
B 8 20 1
B 8 22 4
B 8 23 1
B 8 25 3
B 8 33 2
B 8 35 2
B 8 46 1
B 8 51 1
B 8 53 1
B 8 54 1
B 8 59 1
B 8 61 1
B 8 73 1
P 9 0.020
B 9 2 1
B 9 7 1
B 9 12 1
B 9 16 3
B 9 33 1
B 9 37 2
B 9 51 1
B 9 60 1
P 10 0.020
B 10 11 1
B 10 21 1
B 10 23 1
B 10 33 1
B 10 52 1
B 10 54 3
B 10 61 1
P 11 0.020
B 11 14 1
B 11 19 1
B 11 21 1
B 11 23 1
B 11 34 1
B 11 35 1
B 11 37 2
B 11 39 1
B 11 48 1
B 11 59 2
P 12 0.020
B 12 0 2
B 12 10 1
B 12 11 1
B 12 12 2
B 12 21 1
B 12 22 1
B 12 26 1
B 12 27 1
B 12 33 1
B 12 46 1
B 12 47 1
B 12 54 1
B 12 59 1
P 13 0.020
B 13 6 2
B 13 25 1
B 13 31 1
B 13 33 1
B 13 36 2
B 13 44 1
B 13 46 2
B 13 60 1
P 14 0.020
B 14 15 1
B 14 17 1
B 14 20 2
B 14 21 1
B 14 25 1
B 14 26 1
B 14 31 1
B 14 35 1
B 14 40 2
B 14 53 1
B 14 55 1
B 14 56 2
B 14 64 1
P 15 0.020
B 15 11 1
B 15 20 1
B 15 22 1
B 15 38 2
B 15 42 1
B 15 60 1
P 16 0.020
B 16 11 1
B 16 12 1
B 16 15 1
B 16 25 1
B 16 35 3
B 16 46 1
B 16 53 1
B 16 57 1
B 16 60 1
B 16 61 2
B 16 63 1
P 17 0.020
B 17 21 1
B 17 33 1
B 17 34 1
B 17 43 2
B 17 53 1
B 17 56 1
B 17 59 1
B 17 62 1
B 17 71 2
P 18 0.020
B 18 12 2
B 18 15 1
B 18 19 1
B 18 21 1
B 18 25 1
B 18 27 1
B 18 30 1
B 18 37 1
B 18 48 2
B 18 53 1
P 19 0.020
B 19 23 2
B 19 33 1
B 19 58 1
P 20 0.020
B 20 16 2
B 20 21 1
B 20 59 3
B 20 64 1
B 20 68 1
P 21 0.020
B 21 23 1
B 21 24 1
B 21 33 1
B 21 35 1
B 21 49 1
B 21 54 1
B 21 56 4
B 21 57 1
P 22 0.020
B 22 5 1
B 22 25 1
B 22 27 1
B 22 53 2
B 22 54 1
B 22 61 1
P 23 0.020
B 23 23 2
B 23 31 3
B 23 34 1
B 23 36 1
B 23 47 1
B 23 55 1
B 23 56 1
P 24 0.020
B 24 0 1
B 24 7 1
B 24 12 4
B 24 15 1
B 24 16 1
B 24 25 1
B 24 31 1
B 24 50 1
B 24 53 1
B 24 65 1
P 25 0.020
B 25 6 1
B 25 12 1
B 25 28 2
B 25 32 2
B 25 40 1
B 25 61 1
B 25 62 1
B 25 64 1
P 26 0.020
B 26 12 1
B 26 15 1
B 26 16 3
B 26 22 1
B 26 25 1
B 26 33 1
B 26 50 1
B 26 52 1
B 26 57 1
B 26 65 1
P 27 0.020
B 27 7 1
B 27 10 1
B 27 15 1
B 27 34 1
B 27 48 1
B 27 51 1
B 27 54 2
B 27 60 1
B 27 62 1
P 28 0.020
B 28 46 1
B 28 56 1
B 28 61 1
P 29 0.020
B 29 6 2
B 29 9 1
B 29 11 1
B 29 21 1
B 29 22 3
B 29 31 2
B 29 33 1
B 29 37 1
P 30 0.020
B 30 8 1
B 30 11 1
B 30 15 1
B 30 23 3
B 30 30 2
B 30 54 1
B 30 56 1
B 30 62 1
P 31 0.020
B 31 1 1
B 31 11 1
B 31 12 1
B 31 27 1
B 31 32 1
B 31 33 1
B 31 37 1
B 31 45 1
B 31 46 1
B 31 50 1
B 31 63 1
B 31 69 1
P 32 0.020
B 32 8 1
B 32 16 1
B 32 22 3
B 32 52 1
B 32 56 1
B 32 71 1
P 33 0.020
B 33 22 1
B 33 23 1
B 33 46 1
B 33 54 1
B 33 60 1
B 33 61 2
B 33 71 1
P 34 0.020
B 34 7 1
B 34 8 1
B 34 10 4
B 34 22 2
B 34 23 1
B 34 49 1
B 34 50 1
B 34 69 1
P 35 0.020
B 35 7 1
B 35 12 1
B 35 46 2
B 35 54 2
B 35 65 1
P 36 0.020
B 36 20 1
B 36 23 1
B 36 30 1
B 36 32 1
B 36 35 1
B 36 40 2
B 36 65 1
P 37 0.020
B 37 7 1
B 37 25 2
B 37 36 1
B 37 46 1
B 37 54 1
B 37 67 1
P 38 0.020
B 38 12 1
B 38 15 1
B 38 21 2
B 38 24 1
B 38 52 1
B 38 62 1
P 39 0.020
B 39 1 2
B 39 7 1
B 39 12 1
B 39 22 2
B 39 31 1
B 39 36 1
B 39 46 1
B 39 58 1
B 39 65 1
P 40 0.020
B 40 7 1
B 40 22 1
B 40 23 1
B 40 40 2
B 40 54 1
B 40 56 1
B 40 58 1
B 40 64 1
B 40 72 1
P 41 0.020
B 41 15 1
B 41 21 2
B 41 25 1
B 41 26 1
B 41 37 2
B 41 47 1
B 41 53 1
B 41 61 1
P 42 0.020
B 42 3 1
B 42 5 1
B 42 21 2
B 42 35 3
B 42 48 1
B 42 64 1
B 42 70 2
P 43 0.020
B 43 11 1
B 43 15 1
B 43 22 1
B 43 29 2
B 43 31 1
B 43 37 1
B 43 44 1
P 44 0.020
B 44 15 4
B 44 21 1
B 44 39 1
B 44 48 1
B 44 54 1
B 44 58 1
B 44 71 2
P 45 0.020
B 45 10 1
B 45 11 1
B 45 33 1
B 45 52 1
B 45 56 1
P 46 0.020
B 46 10 1
B 46 15 1
B 46 32 2
B 46 45 1
B 46 59 1
P 47 0.020
B 47 22 2
B 47 37 1
B 47 40 1
B 47 58 1
B 47 59 1
B 47 67 1
P 48 0.020
B 48 12 1
B 48 15 1
B 48 21 2
B 48 22 1
B 48 25 1
B 48 33 1
B 48 36 1
B 48 52 1
B 48 53 1
P 49 0.020
B 49 11 2
B 49 21 3
B 49 22 1
B 49 40 1
B 49 55 1
B 49 57 1
