50
P 0 0.020
B 0 39 1
B 0 41 2
B 0 47 1
B 0 54 1
B 0 57 1
B 0 69 2
P 1 0.020
B 1 11 1
B 1 15 2
B 1 49 1
B 1 59 2
B 1 60 1
P 2 0.020
B 2 10 1
B 2 11 4
B 2 46 1
B 2 48 1
B 2 54 1
B 2 57 1
P 3 0.020
B 3 6 1
B 3 11 1
B 3 12 1
B 3 16 1
B 3 21 1
B 3 25 1
B 3 31 1
B 3 36 1
B 3 46 1
B 3 53 2
B 3 55 1
B 3 71 2
P 4 0.020
B 4 8 2
B 4 11 1
B 4 12 2
B 4 15 1
B 4 20 1
B 4 25 1
B 4 33 1
B 4 35 2
B 4 36 2
B 4 37 1
B 4 38 1
B 4 46 1
B 4 53 1
B 4 56 1
P 5 0.020
B 5 9 1
B 5 15 2
B 5 21 2
B 5 23 1
B 5 31 2
B 5 33 1
B 5 36 2
B 5 64 1
P 6 0.020
B 6 6 1
B 6 14 2
B 6 16 1
B 6 25 1
B 6 33 3
B 6 44 2
B 6 48 1
B 6 52 1
B 6 53 1
B 6 54 2
B 6 59 1
B 6 62 1
P 7 0.020
B 7 9 1
B 7 11 2
B 7 17 1
B 7 21 1
B 7 22 1
B 7 25 3
B 7 35 1
B 7 46 3
B 7 59 1
P 8 0.020
B 8 12 2
B 8 13 1
B 8 18 1
B 8 19 1
B 8 22 1
B 8 25 1
B 8 37 1
B 8 39 1
B 8 48 2
B 8 52 1
B 8 54 1
B 8 59 1
P 9 0.020
B 9 6 1
B 9 33 1
B 9 50 1
B 9 61 1
B 9 73 1
P 10 0.020
B 10 6 1
B 10 9 1
B 10 10 1
B 10 11 2
B 10 16 1
B 10 21 1
B 10 22 2
B 10 33 1
B 10 37 1
B 10 58 1
B 10 61 2
B 10 65 1
P 11 0.020
B 11 12 1
B 11 15 3
B 11 21 1
B 11 33 2
B 11 35 2
B 11 38 1
B 11 40 3
B 11 52 1
B 11 60 1
B 11 62 1
P 12 0.020
B 12 5 1
B 12 7 1
B 12 9 1
B 12 12 1
B 12 16 1
B 12 17 2
B 12 28 1
B 12 29 1
B 12 32 1
B 12 36 1
B 12 53 1
B 12 56 1
B 12 57 2
P 13 0.020
B 13 10 1
B 13 21 1
B 13 26 2
B 13 43 2
B 13 46 2
B 13 49 1
B 13 53 1
B 13 58 1
B 13 69 1
P 14 0.020
B 14 21 2
B 14 25 1
B 14 37 1
B 14 50 1
B 14 51 1
B 14 56 1
B 14 68 1
B 14 69 2
P 15 0.020
B 15 8 1
B 15 18 1
B 15 22 1
B 15 33 1
B 15 40 1
B 15 52 1
B 15 59 1
P 16 0.020
B 16 5 1
B 16 37 1
B 16 46 1
B 16 48 1
B 16 50 1
B 16 54 2
B 16 60 1
B 16 72 1
P 17 0.020
B 17 5 1
B 17 15 1
B 17 22 3
B 17 26 2
B 17 29 1
B 17 40 1
B 17 44 1
B 17 46 1
B 17 54 1
B 17 56 1
B 17 57 1
B 17 61 1
B 17 65 2
B 17 73 1
P 18 0.020
B 18 8 1
B 18 10 1
B 18 12 1
B 18 21 3
B 18 49 1
B 18 57 2
P 19 0.020
B 19 21 1
B 19 22 1
B 19 25 2
B 19 26 2
B 19 27 1
B 19 37 1
B 19 52 2
B 19 59 1
P 20 0.020
B 20 12 1
B 20 21 1
B 20 33 4
B 20 59 1
B 20 66 1
P 21 0.020
B 21 12 2
B 21 23 1
B 21 33 2
B 21 52 2
P 22 0.020
B 22 23 2
B 22 49 1
B 22 63 2
B 22 64 1
B 22 72 1
P 23 0.020
B 23 1 2
B 23 7 1
B 23 16 1
B 23 22 1
B 23 25 1
B 23 29 1
B 23 36 2
B 23 45 1
B 23 46 1
B 23 71 1
P 24 0.020
B 24 3 1
B 24 7 1
B 24 21 1
B 24 22 2
B 24 40 1
B 24 44 1
B 24 56 1
P 25 0.020
B 25 5 1
B 25 6 3
B 25 12 1
B 25 15 2
B 25 20 2
B 25 21 1
B 25 36 1
B 25 44 1
B 25 46 1
P 26 0.020
B 26 34 1
B 26 54 1
P 27 0.020
B 27 10 1
B 27 22 2
B 27 50 1
B 27 70 1
P 28 0.020
B 28 0 2
B 28 2 1
B 28 10 1
B 28 15 1
B 28 33 2
B 28 40 3
B 28 53 3
B 28 55 1
B 28 72 1
P 29 0.020
B 29 6 1
B 29 10 2
B 29 12 1
B 29 26 1
B 29 30 1
B 29 33 2
B 29 57 1
B 29 70 1
P 30 0.020
B 30 12 1
B 30 19 1
B 30 37 1
B 30 52 1
B 30 53 1
B 30 61 2
P 31 0.020
B 31 11 3
B 31 21 1
B 31 22 1
B 31 33 3
B 31 37 1
B 31 46 1
B 31 58 2
P 32 0.020
B 32 9 1
B 32 15 1
B 32 19 1
B 32 22 1
B 32 23 1
B 32 27 1
B 32 44 1
B 32 48 1
B 32 57 1
B 32 59 1
B 32 61 1
P 33 0.020
B 33 6 1
B 33 10 1
B 33 11 1
B 33 12 1
B 33 15 2
B 33 17 1
B 33 22 3
B 33 30 1
B 33 36 2
B 33 54 2
B 33 56 1
B 33 65 1
B 33 67 1
B 33 71 1
P 34 0.020
B 34 0 1
B 34 3 1
B 34 12 1
B 34 21 1
B 34 22 2
B 34 23 1
B 34 36 1
B 34 49 1
B 34 54 1
B 34 56 1
B 34 58 1
B 34 61 1
P 35 0.020
B 35 7 1
B 35 9 1
B 35 33 3
B 35 65 1
P 36 0.020
B 36 31 1
B 36 33 1
B 36 72 1
P 37 0.020
B 37 15 1
B 37 26 1
B 37 31 2
B 37 61 1
P 38 0.020
B 38 3 2
B 38 5 1
B 38 10 1
B 38 15 3
B 38 27 1
B 38 35 1
P 39 0.020
B 39 11 2
B 39 16 1
B 39 17 1
B 39 33 3
B 39 35 1
B 39 38 1
B 39 56 1
B 39 64 1
P 40 0.020
B 40 9 1
B 40 17 1
B 40 54 1
P 41 0.020
B 41 3 1
B 41 11 2
B 41 21 1
B 41 33 1
B 41 56 1
B 41 64 1
P 42 0.020
B 42 22 1
B 42 34 1
B 42 70 1
P 43 0.020
B 43 10 1
B 43 11 1
B 43 16 1
B 43 18 2
B 43 22 1
B 43 33 2
B 43 60 1
P 44 0.020
B 44 11 2
B 44 12 1
B 44 13 1
B 44 15 1
B 44 16 1
B 44 22 1
B 44 25 1
B 44 32 1
B 44 46 1
B 44 54 1
B 44 58 1
B 44 60 1
B 44 61 1
P 45 0.020
B 45 12 1
B 45 21 1
B 45 22 4
B 45 27 1
B 45 33 1
B 45 53 1
P 46 0.020
B 46 12 1
B 46 25 2
B 46 40 1
B 46 46 1
B 46 53 1
B 46 64 1
P 47 0.020
B 47 10 1
B 47 12 1
B 47 15 1
B 47 36 1
B 47 56 1
P 48 0.020
B 48 12 1
B 48 33 1
B 48 59 2
B 48 61 1
P 49 0.020
B 49 31 1
B 49 35 3
B 49 46 1
B 49 54 2
