50
P 0 0.020
B 0 8 1
B 0 18 2
B 0 24 2
B 0 25 2
B 0 32 3
B 0 33 1
B 0 39 1
B 0 52 1
B 0 59 1
B 0 62 1
B 0 65 1
B 0 66 2
B 0 76 1
B 0 78 2
B 0 85 1
B 0 87 2
B 0 89 1
B 0 92 1
B 0 97 1
B 0 103 1
B 0 104 1
B 0 106 2
B 0 109 1
B 0 112 1
B 0 114 3
B 0 116 1
B 0 129 1
B 0 132 2
B 0 134 1
B 0 165 1
B 0 171 1
B 0 174 1
B 0 177 1
B 0 183 2
B 0 184 1
B 0 186 1
B 0 187 1
B 0 191 2
B 0 201 2
B 0 207 1
B 0 212 2
B 0 227 2
P 1 0.020
B 1 15 1
B 1 18 2
B 1 26 1
B 1 28 1
B 1 32 2
B 1 33 1
B 1 34 2
B 1 36 2
B 1 39 2
B 1 41 2
B 1 46 3
B 1 48 1
B 1 55 1
B 1 56 1
B 1 58 1
B 1 59 1
B 1 71 2
B 1 81 1
B 1 88 1
B 1 102 1
B 1 113 1
B 1 119 1
B 1 126 1
B 1 133 1
B 1 135 2
B 1 147 2
B 1 177 1
B 1 195 1
B 1 207 1
B 1 212 1
P 2 0.020
B 2 7 1
B 2 11 1
B 2 15 2
B 2 17 1
B 2 18 1
B 2 21 1
B 2 25 1
B 2 28 2
B 2 33 1
B 2 34 1
B 2 37 2
B 2 40 1
B 2 52 2
B 2 55 1
B 2 60 1
B 2 66 2
B 2 67 1
B 2 75 1
B 2 80 1
B 2 87 3
B 2 92 1
B 2 105 2
B 2 107 1
B 2 108 1
B 2 112 1
B 2 113 1
B 2 122 1
B 2 128 1
B 2 130 2
B 2 146 2
B 2 148 1
B 2 157 1
B 2 170 1
B 2 172 1
B 2 184 1
B 2 187 1
B 2 189 2
B 2 194 1
B 2 197 1
P 3 0.020
B 3 15 2
B 3 18 1
B 3 19 2
B 3 24 1
B 3 25 1
B 3 26 1
B 3 27 2
B 3 37 1
B 3 44 1
B 3 54 2
B 3 55 2
B 3 59 1
B 3 72 1
B 3 79 1
B 3 82 1
B 3 90 1
B 3 92 2
B 3 94 1
B 3 104 1
B 3 105 2
B 3 109 1
B 3 119 1
B 3 121 4
B 3 127 1
B 3 131 1
B 3 132 2
B 3 142 2
B 3 144 2
B 3 147 1
B 3 148 2
B 3 179 1
B 3 186 3
B 3 187 1
B 3 192 1
B 3 213 1
P 4 0.020
B 4 15 2
B 4 16 2
B 4 21 2
B 4 25 2
B 4 27 1
B 4 32 2
B 4 34 1
B 4 37 1
B 4 44 1
B 4 54 2
B 4 55 1
B 4 56 2
B 4 61 1
B 4 71 1
B 4 82 2
B 4 84 1
B 4 104 1
B 4 105 1
B 4 109 1
B 4 113 1
B 4 115 1
B 4 118 1
B 4 119 1
B 4 120 1
B 4 127 2
B 4 131 2
B 4 137 1
B 4 147 1
B 4 169 2
B 4 186 1
B 4 193 1
B 4 207 1
B 4 218 1
P 5 0.020
B 5 12 2
B 5 15 1
B 5 21 2
B 5 25 1
B 5 28 1
B 5 29 1
B 5 32 2
B 5 34 2
B 5 36 2
B 5 40 2
B 5 55 1
B 5 56 3
B 5 57 1
B 5 60 1
B 5 63 1
B 5 66 1
B 5 67 1
B 5 69 2
B 5 70 1
B 5 71 1
B 5 85 1
B 5 86 1
B 5 87 2
B 5 88 1
B 5 89 2
B 5 92 1
B 5 103 2
B 5 104 1
B 5 107 2
B 5 112 1
B 5 116 2
B 5 120 1
B 5 127 2
B 5 132 1
B 5 146 1
B 5 157 2
B 5 158 1
B 5 163 1
B 5 165 2
B 5 170 1
B 5 173 2
B 5 183 2
B 5 186 2
B 5 197 1
B 5 208 1
B 5 217 2
B 5 219 1
P 6 0.020
B 6 12 1
B 6 19 1
B 6 24 2
B 6 25 1
B 6 34 1
B 6 41 2
B 6 46 2
B 6 52 1
B 6 54 2
B 6 57 2
B 6 59 1
B 6 62 1
B 6 64 2
B 6 65 1
B 6 82 1
B 6 87 5
B 6 88 1
B 6 105 2
B 6 107 1
B 6 122 2
B 6 124 1
B 6 136 1
B 6 140 1
B 6 144 2
B 6 152 1
B 6 164 2
B 6 167 1
B 6 171 1
B 6 193 1
B 6 203 1
B 6 204 1
B 6 211 1
B 6 228 1
P 7 0.020
B 7 28 1
B 7 33 1
B 7 36 1
B 7 59 1
B 7 66 1
B 7 71 1
B 7 75 1
B 7 82 1
B 7 87 1
B 7 89 2
B 7 110 1
B 7 114 2
B 7 118 1
B 7 122 3
B 7 130 1
B 7 134 1
B 7 144 2
B 7 152 1
B 7 177 1
B 7 188 1
B 7 196 1
B 7 204 1
B 7 215 1
B 7 219 1
P 8 0.020
B 8 9 1
B 8 11 2
B 8 15 1
B 8 19 2
B 8 20 1
B 8 22 1
B 8 29 2
B 8 32 1
B 8 36 1
B 8 54 1
B 8 55 1
B 8 59 1
B 8 61 1
B 8 62 1
B 8 71 1
B 8 85 1
B 8 90 1
B 8 118 1
B 8 119 1
B 8 120 1
B 8 126 1
B 8 140 1
B 8 145 2
B 8 147 1
B 8 165 1
B 8 170 1
B 8 174 2
B 8 177 1
B 8 179 1
B 8 186 1
B 8 190 2
B 8 193 1
B 8 201 1
B 8 215 1
B 8 221 1
P 9 0.020
B 9 8 1
B 9 11 1
B 9 12 2
B 9 16 1
B 9 20 1
B 9 23 1
B 9 24 1
B 9 26 1
B 9 29 1
B 9 33 2
B 9 34 1
B 9 39 2
B 9 40 1
B 9 65 1
B 9 82 1
B 9 92 1
B 9 103 2
B 9 104 1
B 9 105 1
B 9 112 2
B 9 121 1
B 9 127 2
B 9 133 1
B 9 144 1
B 9 167 2
B 9 186 1
B 9 210 2
B 9 213 1
B 9 215 1
B 9 225 1
P 10 0.020
B 10 12 1
B 10 13 1
B 10 14 1
B 10 17 2
B 10 19 1
B 10 21 1
B 10 25 1
B 10 26 1
B 10 32 1
B 10 36 1
B 10 41 2
B 10 45 1
B 10 56 3
B 10 58 2
B 10 66 1
B 10 67 1
B 10 68 1
B 10 76 1
B 10 78 1
B 10 83 2
B 10 84 2
B 10 86 2
B 10 88 1
B 10 89 1
B 10 98 1
B 10 108 1
B 10 112 1
B 10 113 1
B 10 116 1
B 10 119 1
B 10 121 2
B 10 122 3
B 10 131 1
B 10 133 1
B 10 143 1
B 10 144 1
B 10 164 1
B 10 170 1
B 10 173 2
B 10 174 1
B 10 181 1
B 10 182 1
B 10 195 1
B 10 205 2
B 10 218 1
B 10 227 1
P 11 0.020
B 11 13 1
B 11 25 1
B 11 26 1
B 11 32 2
B 11 39 1
B 11 41 1
B 11 46 2
B 11 56 1
B 11 57 1
B 11 58 3
B 11 62 1
B 11 64 1
B 11 70 2
B 11 81 1
B 11 83 2
B 11 85 1
B 11 88 1
B 11 96 1
B 11 104 1
B 11 109 2
B 11 112 3
B 11 113 2
B 11 114 1
B 11 121 2
B 11 123 1
B 11 127 1
B 11 136 1
B 11 144 2
B 11 155 2
B 11 156 1
B 11 174 1
B 11 199 2
B 11 220 1
P 12 0.020
B 12 3 2
B 12 9 2
B 12 24 1
B 12 36 1
B 12 40 1
B 12 55 1
B 12 56 1
B 12 58 1
B 12 61 1
B 12 62 3
B 12 69 1
B 12 83 1
B 12 89 1
B 12 92 5
B 12 117 2
B 12 118 1
B 12 120 2
B 12 164 1
B 12 167 1
B 12 169 1
B 12 171 2
B 12 183 1
B 12 203 1
B 12 206 1
B 12 207 1
P 13 0.020
B 13 9 1
B 13 20 2
B 13 36 1
B 13 52 3
B 13 54 1
B 13 58 2
B 13 61 1
B 13 65 2
B 13 66 3
B 13 72 1
B 13 89 1
B 13 90 1
B 13 107 1
B 13 116 2
B 13 120 1
B 13 121 1
B 13 123 2
B 13 130 1
B 13 135 1
B 13 140 2
B 13 159 1
B 13 198 1
B 13 207 1
B 13 219 1
P 14 0.020
B 14 3 1
B 14 11 1
B 14 20 2
B 14 29 1
B 14 32 1
B 14 50 1
B 14 54 1
B 14 59 1
B 14 62 1
B 14 63 2
B 14 78 2
B 14 81 2
B 14 85 2
B 14 88 1
B 14 96 1
B 14 116 1
B 14 117 1
B 14 119 1
B 14 123 2
B 14 124 1
B 14 131 1
B 14 135 1
B 14 171 2
B 14 190 1
B 14 206 1
B 14 213 1
B 14 216 2
B 14 222 1
P 15 0.020
B 15 20 1
B 15 24 2
B 15 29 1
B 15 34 2
B 15 40 2
B 15 41 1
B 15 51 1
B 15 52 1
B 15 57 2
B 15 65 1
B 15 74 1
B 15 81 1
B 15 84 6
B 15 85 1
B 15 88 1
B 15 93 1
B 15 103 1
B 15 104 1
B 15 105 1
B 15 114 2
B 15 115 1
B 15 118 1
B 15 128 1
B 15 131 1
B 15 134 1
B 15 148 2
B 15 161 1
B 15 173 1
B 15 184 1
B 15 189 1
B 15 193 1
B 15 198 2
B 15 207 1
B 15 208 1
B 15 224 1
P 16 0.020
B 16 11 1
B 16 15 1
B 16 16 1
B 16 18 1
B 16 20 1
B 16 25 1
B 16 27 1
B 16 32 1
B 16 41 1
B 16 47 2
B 16 49 1
B 16 52 1
B 16 55 1
B 16 60 1
B 16 63 1
B 16 66 2
B 16 73 2
B 16 82 1
B 16 84 3
B 16 89 2
B 16 105 3
B 16 113 1
B 16 117 1
B 16 121 2
B 16 122 1
B 16 137 1
B 16 138 1
B 16 168 1
B 16 173 1
B 16 178 1
B 16 183 1
B 16 190 1
B 16 202 2
B 16 203 1
B 16 215 2
P 17 0.020
B 17 15 3
B 17 16 1
B 17 19 1
B 17 24 1
B 17 25 3
B 17 26 1
B 17 27 1
B 17 36 1
B 17 46 1
B 17 50 1
B 17 57 1
B 17 58 1
B 17 59 2
B 17 61 1
B 17 63 2
B 17 69 1
B 17 77 1
B 17 104 1
B 17 107 1
B 17 114 2
B 17 116 1
B 17 119 2
B 17 130 2
B 17 170 1
B 17 171 2
B 17 190 2
B 17 201 1
B 17 213 1
B 17 229 1
P 18 0.020
B 18 0 1
B 18 13 1
B 18 16 1
B 18 19 1
B 18 26 1
B 18 27 1
B 18 29 1
B 18 30 1
B 18 33 1
B 18 35 1
B 18 45 2
B 18 47 1
B 18 53 1
B 18 61 1
B 18 65 1
B 18 66 1
B 18 73 1
B 18 88 2
B 18 90 2
B 18 117 3
B 18 122 2
B 18 144 1
B 18 146 1
B 18 155 1
B 18 157 1
B 18 174 1
B 18 177 1
B 18 179 1
B 18 186 1
B 18 198 2
B 18 203 1
B 18 217 1
B 18 218 2
B 18 220 1
P 19 0.020
B 19 17 2
B 19 18 1
B 19 20 1
B 19 24 1
B 19 32 1
B 19 36 1
B 19 40 2
B 19 41 1
B 19 44 1
B 19 46 2
B 19 52 1
B 19 55 1
B 19 57 1
B 19 66 1
B 19 81 1
B 19 82 1
B 19 87 1
B 19 89 1
B 19 112 1
B 19 116 1
B 19 120 2
B 19 127 1
B 19 146 1
B 19 157 1
B 19 158 1
B 19 162 1
B 19 170 1
B 19 183 1
B 19 207 1
P 20 0.020
B 20 2 1
B 20 24 1
B 20 26 1
B 20 39 2
B 20 41 2
B 20 55 2
B 20 60 2
B 20 81 1
B 20 83 1
B 20 84 1
B 20 89 1
B 20 94 1
B 20 97 1
B 20 112 1
B 20 131 1
B 20 133 1
B 20 146 1
B 20 147 1
B 20 157 1
B 20 164 2
B 20 168 1
B 20 170 1
B 20 173 2
B 20 177 1
B 20 186 1
B 20 211 1
B 20 221 1
P 21 0.020
B 21 17 1
B 21 18 1
B 21 20 1
B 21 23 1
B 21 26 1
B 21 32 2
B 21 36 1
B 21 41 1
B 21 44 1
B 21 45 1
B 21 47 3
B 21 48 2
B 21 52 1
B 21 54 2
B 21 56 2
B 21 61 2
B 21 63 1
B 21 65 1
B 21 66 1
B 21 67 1
B 21 80 1
B 21 84 2
B 21 87 1
B 21 90 2
B 21 92 2
B 21 114 1
B 21 116 2
B 21 119 1
B 21 120 1
B 21 121 1
B 21 123 2
B 21 127 1
B 21 132 1
B 21 147 1
B 21 152 1
B 21 155 1
B 21 223 1
P 22 0.020
B 22 16 1
B 22 41 1
B 22 52 1
B 22 55 1
B 22 56 2
B 22 62 2
B 22 82 1
B 22 84 1
B 22 87 1
B 22 88 1
B 22 89 1
B 22 104 1
B 22 105 1
B 22 113 1
B 22 148 1
B 22 157 2
B 22 177 1
B 22 179 1
B 22 181 1
B 22 183 1
B 22 187 1
B 22 190 1
B 22 198 2
B 22 200 2
P 23 0.020
B 23 16 1
B 23 18 1
B 23 20 4
B 23 21 1
B 23 24 1
B 23 25 1
B 23 26 1
B 23 46 1
B 23 47 2
B 23 51 1
B 23 52 1
B 23 53 2
B 23 57 1
B 23 60 1
B 23 66 1
B 23 67 2
B 23 87 2
B 23 109 1
B 23 113 1
B 23 133 1
B 23 146 1
B 23 151 2
B 23 156 3
B 23 158 1
P 24 0.020
B 24 4 1
B 24 15 1
B 24 17 1
B 24 32 1
B 24 33 2
B 24 37 1
B 24 46 1
B 24 57 2
B 24 58 1
B 24 63 1
B 24 78 2
B 24 79 1
B 24 84 1
B 24 104 1
B 24 105 1
B 24 109 1
B 24 110 1
B 24 115 1
B 24 118 1
B 24 119 1
B 24 121 2
B 24 184 1
B 24 188 1
B 24 197 1
P 25 0.020
B 25 15 2
B 25 16 1
B 25 18 1
B 25 19 1
B 25 27 2
B 25 40 1
B 25 46 2
B 25 47 1
B 25 52 3
B 25 54 1
B 25 69 1
B 25 84 1
B 25 88 1
B 25 89 1
B 25 90 1
B 25 98 1
B 25 105 3
B 25 121 1
B 25 123 3
B 25 132 1
B 25 137 1
B 25 144 1
B 25 153 1
B 25 155 1
B 25 160 1
B 25 187 1
B 25 204 3
B 25 229 2
P 26 0.020
B 26 19 2
B 26 21 2
B 26 24 1
B 26 27 2
B 26 41 1
B 26 49 1
B 26 56 2
B 26 58 1
B 26 79 1
B 26 83 1
B 26 84 2
B 26 89 1
B 26 93 1
B 26 132 1
B 26 137 1
B 26 176 1
B 26 177 1
B 26 188 1
B 26 193 1
P 27 0.020
B 27 8 1
B 27 9 1
B 27 13 1
B 27 22 1
B 27 26 1
B 27 34 2
B 27 41 1
B 27 44 1
B 27 50 1
B 27 51 1
B 27 55 1
B 27 56 2
B 27 58 2
B 27 60 1
B 27 66 1
B 27 77 1
B 27 88 1
B 27 115 3
B 27 122 1
B 27 126 2
B 27 127 1
B 27 135 2
B 27 146 1
B 27 164 2
B 27 181 1
B 27 183 1
P 28 0.020
B 28 16 2
B 28 19 1
B 28 24 1
B 28 27 1
B 28 29 1
B 28 34 1
B 28 40 1
B 28 43 1
B 28 52 1
B 28 57 1
B 28 59 1
B 28 61 1
B 28 69 1
B 28 84 1
B 28 89 1
B 28 92 1
B 28 114 2
B 28 176 1
B 28 177 1
B 28 186 1
B 28 203 1
B 28 210 1
B 28 226 2
P 29 0.020
B 29 8 2
B 29 26 1
B 29 33 2
B 29 40 1
B 29 41 1
B 29 52 1
B 29 56 2
B 29 58 1
B 29 61 2
B 29 62 1
B 29 66 1
B 29 82 3
B 29 88 2
B 29 104 1
B 29 105 1
B 29 112 1
B 29 119 3
B 29 123 1
B 29 174 1
B 29 176 1
B 29 193 1
B 29 203 2
B 29 219 1
P 30 0.020
B 30 7 1
B 30 11 1
B 30 15 1
B 30 16 1
B 30 19 1
B 30 21 3
B 30 33 2
B 30 34 1
B 30 45 1
B 30 62 2
B 30 66 1
B 30 85 1
B 30 87 1
B 30 88 1
B 30 90 1
B 30 91 1
B 30 104 1
B 30 112 3
B 30 116 1
B 30 117 1
B 30 119 1
B 30 121 1
B 30 136 2
B 30 137 1
B 30 144 2
B 30 153 1
B 30 212 2
B 30 215 1
P 31 0.020
B 31 1 1
B 31 18 2
B 31 21 1
B 31 25 1
B 31 27 1
B 31 29 1
B 31 33 2
B 31 40 4
B 31 57 1
B 31 60 2
B 31 70 2
B 31 71 1
B 31 73 1
B 31 80 1
B 31 81 1
B 31 82 1
B 31 83 1
B 31 88 3
B 31 109 1
B 31 117 2
B 31 120 1
B 31 122 2
B 31 127 1
B 31 136 1
B 31 148 1
B 31 157 1
B 31 164 1
B 31 171 1
B 31 173 1
B 31 183 1
B 31 184 1
B 31 187 1
B 31 210 1
B 31 213 1
B 31 219 1
B 31 223 1
P 32 0.020
B 32 7 1
B 32 11 1
B 32 12 1
B 32 16 1
B 32 18 1
B 32 21 1
B 32 22 2
B 32 26 1
B 32 32 1
B 32 33 1
B 32 36 1
B 32 48 1
B 32 54 1
B 32 55 2
B 32 58 3
B 32 61 1
B 32 62 1
B 32 89 2
B 32 105 1
B 32 109 4
B 32 115 2
B 32 116 1
B 32 119 1
B 32 123 2
B 32 125 1
B 32 133 2
B 32 135 1
B 32 172 1
B 32 192 1
B 32 196 1
B 32 214 1
B 32 219 1
P 33 0.020
B 33 8 1
B 33 16 1
B 33 18 2
B 33 19 1
B 33 20 1
B 33 21 1
B 33 22 1
B 33 25 1
B 33 32 3
B 33 33 1
B 33 41 1
B 33 58 1
B 33 59 3
B 33 66 1
B 33 71 1
B 33 77 1
B 33 87 1
B 33 95 1
B 33 103 1
B 33 105 1
B 33 108 1
B 33 109 2
B 33 116 1
B 33 119 2
B 33 130 1
B 33 132 1
B 33 133 1
B 33 140 1
B 33 146 1
B 33 154 1
B 33 156 2
B 33 169 1
B 33 177 1
B 33 192 1
B 33 194 2
B 33 222 1
B 33 227 1
P 34 0.020
B 34 19 1
B 34 28 1
B 34 31 1
B 34 33 2
B 34 36 1
B 34 40 1
B 34 55 2
B 34 58 1
B 34 81 1
B 34 82 2
B 34 83 1
B 34 84 1
B 34 85 2
B 34 88 1
B 34 89 1
B 34 90 1
B 34 118 1
B 34 119 1
B 34 130 2
B 34 134 1
B 34 135 2
B 34 146 3
B 34 189 1
B 34 192 2
B 34 199 1
B 34 216 2
B 34 219 1
P 35 0.020
B 35 19 1
B 35 21 1
B 35 24 1
B 35 25 1
B 35 32 1
B 35 33 1
B 35 34 2
B 35 46 1
B 35 56 1
B 35 57 1
B 35 58 1
B 35 62 2
B 35 67 1
B 35 71 1
B 35 84 1
B 35 88 3
B 35 90 1
B 35 99 1
B 35 105 1
B 35 110 1
B 35 115 2
B 35 117 1
B 35 118 2
B 35 122 1
B 35 123 1
B 35 128 1
B 35 133 1
B 35 149 2
B 35 155 2
B 35 159 1
B 35 164 1
B 35 198 1
B 35 204 1
B 35 208 1
P 36 0.020
B 36 15 1
B 36 19 1
B 36 20 1
B 36 21 1
B 36 24 1
B 36 27 1
B 36 36 1
B 36 41 1
B 36 46 2
B 36 54 2
B 36 57 3
B 36 58 1
B 36 60 1
B 36 61 2
B 36 66 1
B 36 77 1
B 36 82 3
B 36 84 1
B 36 88 1
B 36 92 2
B 36 112 2
B 36 115 1
B 36 116 1
B 36 117 2
B 36 119 2
B 36 121 1
B 36 123 1
B 36 130 2
B 36 131 2
B 36 144 2
B 36 160 1
B 36 186 1
B 36 187 1
B 36 188 1
B 36 193 1
B 36 201 1
B 36 219 1
B 36 220 1
P 37 0.020
B 37 17 1
B 37 21 1
B 37 22 1
B 37 23 1
B 37 25 1
B 37 31 2
B 37 32 1
B 37 33 1
B 37 45 1
B 37 46 1
B 37 52 1
B 37 57 2
B 37 59 2
B 37 71 1
B 37 75 2
B 37 80 1
B 37 83 1
B 37 87 1
B 37 88 1
B 37 114 3
B 37 120 1
B 37 137 2
B 37 143 1
B 37 147 1
B 37 150 1
B 37 152 1
B 37 173 1
B 37 182 1
B 37 206 2
P 38 0.020
B 38 16 4
B 38 32 2
B 38 36 3
B 38 37 1
B 38 43 1
B 38 54 2
B 38 57 1
B 38 63 2
B 38 64 1
B 38 65 1
B 38 66 1
B 38 73 1
B 38 82 1
B 38 85 1
B 38 104 1
B 38 105 2
B 38 109 1
B 38 118 1
B 38 119 1
B 38 144 1
B 38 153 1
B 38 164 2
B 38 201 1
B 38 204 1
B 38 221 1
B 38 229 1
P 39 0.020
B 39 9 1
B 39 13 1
B 39 15 3
B 39 18 1
B 39 19 2
B 39 33 1
B 39 36 1
B 39 54 1
B 39 56 1
B 39 57 1
B 39 62 2
B 39 67 1
B 39 77 1
B 39 81 2
B 39 83 1
B 39 112 1
B 39 115 1
B 39 116 2
B 39 119 1
B 39 121 2
B 39 122 2
B 39 132 1
B 39 135 1
B 39 141 1
B 39 161 1
B 39 171 1
B 39 176 3
B 39 198 1
B 39 199 1
B 39 205 1
B 39 219 2
P 40 0.020
B 40 18 1
B 40 19 1
B 40 23 1
B 40 33 1
B 40 39 1
B 40 45 1
B 40 52 2
B 40 54 1
B 40 60 1
B 40 63 1
B 40 64 1
B 40 80 1
B 40 81 2
B 40 84 2
B 40 88 1
B 40 89 2
B 40 90 1
B 40 102 1
B 40 116 1
B 40 117 2
B 40 122 1
B 40 130 2
B 40 133 1
B 40 135 3
B 40 136 1
B 40 151 1
B 40 153 1
B 40 169 2
B 40 184 1
B 40 193 1
B 40 203 1
B 40 210 1
B 40 213 3
P 41 0.020
B 41 9 1
B 41 15 3
B 41 23 2
B 41 25 1
B 41 26 1
B 41 32 1
B 41 40 1
B 41 46 1
B 41 57 1
B 41 60 2
B 41 67 1
B 41 71 2
B 41 88 1
B 41 89 1
B 41 113 1
B 41 114 3
B 41 115 3
B 41 119 1
B 41 122 1
B 41 123 3
B 41 152 1
B 41 155 1
B 41 167 1
B 41 168 1
B 41 169 2
B 41 173 1
B 41 181 1
B 41 183 1
B 41 187 1
B 41 208 1
B 41 229 1
P 42 0.020
B 42 18 1
B 42 23 1
B 42 29 1
B 42 33 1
B 42 39 1
B 42 40 1
B 42 62 1
B 42 73 2
B 42 82 1
B 42 84 1
B 42 90 1
B 42 97 2
B 42 110 1
B 42 112 2
B 42 113 2
B 42 116 1
B 42 156 1
B 42 167 1
B 42 183 1
B 42 198 1
B 42 202 1
B 42 213 1
B 42 215 1
B 42 221 2
P 43 0.020
B 43 16 2
B 43 21 2
B 43 23 1
B 43 32 2
B 43 34 3
B 43 41 2
B 43 46 1
B 43 47 1
B 43 57 1
B 43 60 1
B 43 65 2
B 43 66 2
B 43 69 1
B 43 73 1
B 43 82 1
B 43 88 1
B 43 92 2
B 43 104 1
B 43 107 2
B 43 114 1
B 43 115 2
B 43 118 2
B 43 119 1
B 43 135 1
B 43 136 2
B 43 137 1
B 43 144 1
B 43 158 1
B 43 197 1
B 43 213 3
B 43 227 1
P 44 0.020
B 44 4 1
B 44 11 2
B 44 29 1
B 44 33 1
B 44 34 1
B 44 41 2
B 44 49 1
B 44 50 1
B 44 55 1
B 44 56 1
B 44 62 1
B 44 77 1
B 44 84 1
B 44 90 2
B 44 104 2
B 44 105 1
B 44 112 2
B 44 114 1
B 44 121 1
B 44 140 1
B 44 168 2
B 44 183 2
B 44 202 2
B 44 221 1
B 44 222 1
B 44 230 2
P 45 0.020
B 45 7 2
B 45 15 1
B 45 16 1
B 45 33 2
B 45 39 1
B 45 46 2
B 45 56 1
B 45 58 2
B 45 63 1
B 45 65 1
B 45 66 1
B 45 71 1
B 45 82 1
B 45 87 1
B 45 89 1
B 45 90 1
B 45 111 1
B 45 114 1
B 45 119 1
B 45 121 2
B 45 132 2
B 45 141 1
B 45 144 1
B 45 164 1
B 45 177 1
B 45 205 2
B 45 208 1
B 45 218 2
B 45 220 1
P 46 0.020
B 46 27 2
B 46 36 1
B 46 39 1
B 46 45 1
B 46 52 2
B 46 57 1
B 46 64 1
B 46 66 1
B 46 89 2
B 46 109 2
B 46 114 1
B 46 121 1
B 46 130 1
B 46 136 1
B 46 164 1
B 46 179 1
B 46 184 1
B 46 187 3
B 46 192 1
B 46 198 1
B 46 210 1
B 46 217 1
B 46 224 1
B 46 226 1
P 47 0.020
B 47 21 2
B 47 26 1
B 47 29 1
B 47 47 1
B 47 52 1
B 47 56 1
B 47 62 1
B 47 65 1
B 47 66 1
B 47 70 1
B 47 71 1
B 47 104 1
B 47 113 1
B 47 116 1
B 47 119 1
B 47 123 1
B 47 128 1
B 47 144 1
B 47 145 1
B 47 153 1
B 47 156 1
B 47 157 1
B 47 160 1
B 47 190 1
B 47 192 1
B 47 197 1
B 47 198 1
B 47 219 2
P 48 0.020
B 48 9 2
B 48 16 1
B 48 19 2
B 48 28 2
B 48 40 1
B 48 41 2
B 48 57 1
B 48 60 1
B 48 66 2
B 48 78 2
B 48 84 2
B 48 92 2
B 48 94 2
B 48 95 2
B 48 117 1
B 48 122 2
B 48 126 1
B 48 135 1
B 48 142 1
B 48 149 2
B 48 164 1
B 48 177 2
B 48 187 2
B 48 193 2
B 48 207 2
P 49 0.020
B 49 16 3
B 49 18 1
B 49 19 2
B 49 23 1
B 49 24 2
B 49 29 3
B 49 38 1
B 49 41 1
B 49 46 2
B 49 54 2
B 49 66 2
B 49 73 1
B 49 74 1
B 49 77 2
B 49 84 2
B 49 85 2
B 49 89 2
B 49 108 1
B 49 127 1
B 49 173 2
B 49 208 2
