50
P 0 0.020
B 0 8 1
B 0 10 1
B 0 15 2
B 0 17 1
B 0 18 1
B 0 22 2
B 0 23 1
B 0 24 1
B 0 28 1
B 0 33 1
B 0 36 1
B 0 42 1
B 0 44 1
B 0 49 2
B 0 50 1
B 0 51 1
B 0 55 1
B 0 60 1
B 0 64 3
B 0 68 2
B 0 70 1
B 0 71 1
B 0 72 1
B 0 76 3
B 0 78 1
B 0 81 1
B 0 89 2
B 0 90 2
B 0 91 1
B 0 98 1
B 0 105 1
B 0 110 1
B 0 113 1
B 0 116 1
B 0 126 1
B 0 128 1
B 0 129 1
B 0 136 2
B 0 148 2
B 0 151 3
B 0 159 1
B 0 163 1
B 0 178 1
B 0 179 2
B 0 184 2
B 0 186 3
B 0 187 1
B 0 190 1
B 0 194 1
B 0 196 1
B 0 202 2
B 0 206 1
B 0 207 1
B 0 211 2
B 0 212 1
B 0 213 1
B 0 216 2
B 0 217 2
B 0 219 2
B 0 239 1
B 0 241 1
B 0 244 1
B 0 246 1
B 0 247 1
B 0 254 1
B 0 261 2
B 0 262 2
B 0 268 2
B 0 278 2
B 0 280 1
B 0 285 1
B 0 288 1
B 0 293 1
B 0 294 1
B 0 297 1
B 0 306 2
B 0 309 1
B 0 310 1
B 0 318 1
B 0 325 1
B 0 332 2
B 0 341 1
B 0 352 2
B 0 361 1
B 0 373 2
B 0 375 1
B 0 379 1
B 0 380 1
B 0 387 1
B 0 389 2
B 0 403 1
B 0 405 1
B 0 406 1
B 0 412 1
B 0 414 1
B 0 417 1
B 0 418 1
B 0 422 1
B 0 424 2
B 0 426 1
B 0 428 1
B 0 434 1
B 0 438 1
B 0 444 2
B 0 447 1
B 0 449 2
B 0 452 1
B 0 459 1
B 0 460 1
B 0 461 3
B 0 473 1
B 0 483 1
B 0 487 1
B 0 512 1
B 0 518 2
B 0 525 1
B 0 530 1
B 0 541 2
B 0 546 1
B 0 547 1
P 1 0.020
B 1 7 1
B 1 8 1
B 1 18 1
B 1 21 1
B 1 24 2
B 1 25 1
B 1 28 1
B 1 29 2
B 1 46 1
B 1 50 1
B 1 51 1
B 1 54 1
B 1 55 1
B 1 60 1
B 1 61 1
B 1 64 3
B 1 69 3
B 1 71 1
B 1 72 1
B 1 76 1
B 1 80 1
B 1 83 1
B 1 84 1
B 1 88 1
B 1 90 1
B 1 95 2
B 1 98 1
B 1 104 1
B 1 107 2
B 1 119 2
B 1 120 1
B 1 127 1
B 1 130 1
B 1 131 1
B 1 134 1
B 1 154 1
B 1 168 1
B 1 188 2
B 1 191 1
B 1 197 1
B 1 199 2
B 1 207 2
B 1 209 1
B 1 210 1
B 1 212 2
B 1 213 1
B 1 219 1
B 1 221 2
B 1 225 1
B 1 234 2
B 1 236 1
B 1 243 1
B 1 246 1
B 1 251 1
B 1 255 1
B 1 260 2
B 1 262 2
B 1 263 1
B 1 268 1
B 1 269 1
B 1 270 2
B 1 272 3
B 1 275 1
B 1 276 1
B 1 279 2
B 1 293 1
B 1 301 1
B 1 314 1
B 1 318 2
B 1 341 2
B 1 352 1
B 1 354 1
B 1 358 1
B 1 359 2
B 1 361 1
B 1 369 1
B 1 373 5
B 1 377 2
B 1 381 1
B 1 382 1
B 1 383 1
B 1 385 1
B 1 386 1
B 1 389 1
B 1 392 1
B 1 396 1
B 1 404 2
B 1 434 1
B 1 438 1
B 1 442 1
B 1 451 1
B 1 457 3
B 1 461 1
B 1 473 1
B 1 500 1
B 1 515 1
B 1 538 1
B 1 541 1
P 2 0.020
B 2 5 1
B 2 22 2
B 2 34 1
B 2 37 2
B 2 42 1
B 2 47 1
B 2 55 1
B 2 57 2
B 2 61 4
B 2 67 1
B 2 69 1
B 2 71 1
B 2 72 1
B 2 74 1
B 2 75 1
B 2 84 1
B 2 87 2
B 2 99 1
B 2 101 1
B 2 129 1
B 2 136 1
B 2 153 1
B 2 156 2
B 2 158 2
B 2 160 1
B 2 161 1
B 2 163 1
B 2 175 1
B 2 180 2
B 2 187 1
B 2 190 1
B 2 191 1
B 2 195 1
B 2 196 3
B 2 199 1
B 2 202 3
B 2 203 1
B 2 205 2
B 2 212 1
B 2 224 2
B 2 228 3
B 2 229 2
B 2 230 1
B 2 234 1
B 2 239 1
B 2 241 1
B 2 244 1
B 2 253 1
B 2 256 1
B 2 258 1
B 2 261 2
B 2 265 1
B 2 266 1
B 2 272 1
B 2 276 1
B 2 278 1
B 2 280 2
B 2 281 1
B 2 282 1
B 2 283 1
B 2 285 1
B 2 288 1
B 2 290 3
B 2 291 1
B 2 294 3
B 2 296 1
B 2 300 1
B 2 301 2
B 2 306 1
B 2 307 1
B 2 309 2
B 2 316 1
B 2 326 1
B 2 327 1
B 2 329 1
B 2 331 3
B 2 340 1
B 2 373 2
B 2 374 1
B 2 382 1
B 2 403 1
B 2 404 1
B 2 425 1
B 2 429 1
B 2 438 3
B 2 440 3
B 2 451 3
B 2 472 1
B 2 476 1
B 2 484 1
B 2 500 1
B 2 503 1
B 2 512 1
B 2 520 1
B 2 522 1
P 3 0.020
B 3 1 1
B 3 5 2
B 3 8 1
B 3 12 2
B 3 17 2
B 3 18 2
B 3 33 1
B 3 36 1
B 3 41 1
B 3 43 1
B 3 44 1
B 3 45 1
B 3 51 2
B 3 57 1
B 3 60 4
B 3 62 1
B 3 67 1
B 3 69 2
B 3 71 1
B 3 74 1
B 3 76 3
B 3 77 1
B 3 79 1
B 3 87 1
B 3 95 1
B 3 101 1
B 3 110 1
B 3 122 1
B 3 126 1
B 3 127 1
B 3 128 1
B 3 129 2
B 3 132 1
B 3 143 1
B 3 145 1
B 3 154 1
B 3 155 1
B 3 158 1
B 3 161 1
B 3 175 1
B 3 177 2
B 3 184 1
B 3 185 1
B 3 186 1
B 3 190 2
B 3 191 1
B 3 193 1
B 3 196 1
B 3 213 1
B 3 215 1
B 3 227 1
B 3 228 2
B 3 235 1
B 3 239 1
B 3 240 1
B 3 244 1
B 3 251 1
B 3 253 1
B 3 255 2
B 3 259 2
B 3 267 2
B 3 271 2
B 3 275 1
B 3 277 1
B 3 282 1
B 3 288 1
B 3 289 1
B 3 294 1
B 3 300 2
B 3 302 1
B 3 306 2
B 3 307 1
B 3 318 1
B 3 325 1
B 3 327 1
B 3 331 2
B 3 339 1
B 3 354 1
B 3 359 2
B 3 373 1
B 3 377 1
B 3 381 1
B 3 403 1
B 3 404 1
B 3 407 1
B 3 414 1
B 3 420 1
B 3 421 1
B 3 423 2
B 3 431 1
B 3 440 1
B 3 450 2
B 3 453 1
B 3 454 1
B 3 455 1
B 3 457 5
B 3 470 2
B 3 472 1
B 3 473 1
B 3 476 1
B 3 482 1
B 3 493 1
B 3 500 1
B 3 502 1
B 3 527 1
B 3 534 1
B 3 541 1
B 3 544 1
P 4 0.020
B 4 12 2
B 4 26 1
B 4 27 2
B 4 29 1
B 4 32 1
B 4 36 1
B 4 39 2
B 4 42 2
B 4 46 2
B 4 47 1
B 4 49 1
B 4 57 1
B 4 70 1
B 4 73 2
B 4 81 2
B 4 85 2
B 4 90 1
B 4 97 3
B 4 101 1
B 4 103 1
B 4 121 2
B 4 122 3
B 4 125 1
B 4 126 2
B 4 127 1
B 4 128 1
B 4 131 1
B 4 132 1
B 4 135 1
B 4 154 2
B 4 156 1
B 4 163 1
B 4 175 1
B 4 176 1
B 4 177 1
B 4 198 1
B 4 202 1
B 4 203 1
B 4 210 1
B 4 213 1
B 4 214 1
B 4 215 1
B 4 216 1
B 4 218 1
B 4 221 3
B 4 230 1
B 4 234 2
B 4 244 1
B 4 248 1
B 4 250 2
B 4 253 2
B 4 255 1
B 4 256 1
B 4 259 1
B 4 263 1
B 4 271 1
B 4 272 1
B 4 283 1
B 4 287 1
B 4 288 2
B 4 290 1
B 4 294 1
B 4 302 2
B 4 306 1
B 4 310 1
B 4 313 1
B 4 315 1
B 4 318 1
B 4 326 1
B 4 353 1
B 4 370 1
B 4 371 1
B 4 373 2
B 4 380 1
B 4 389 1
B 4 403 1
B 4 409 1
B 4 421 1
B 4 422 1
B 4 442 2
B 4 474 1
B 4 489 2
B 4 490 1
B 4 495 1
B 4 517 1
B 4 518 1
B 4 522 1
B 4 544 1
P 5 0.020
B 5 20 1
B 5 21 1
B 5 24 2
B 5 33 1
B 5 38 1
B 5 41 2
B 5 44 2
B 5 47 1
B 5 49 2
B 5 50 1
B 5 55 1
B 5 57 1
B 5 62 2
B 5 64 2
B 5 67 2
B 5 68 2
B 5 71 1
B 5 73 1
B 5 74 1
B 5 77 1
B 5 78 4
B 5 82 1
B 5 91 2
B 5 93 1
B 5 94 2
B 5 119 2
B 5 121 1
B 5 123 1
B 5 126 1
B 5 137 2
B 5 148 1
B 5 153 1
B 5 155 1
B 5 156 3
B 5 158 1
B 5 160 1
B 5 161 2
B 5 171 1
B 5 176 1
B 5 185 1
B 5 186 1
B 5 188 1
B 5 192 4
B 5 195 1
B 5 202 1
B 5 207 3
B 5 211 1
B 5 216 1
B 5 217 1
B 5 218 1
B 5 219 1
B 5 226 1
B 5 229 1
B 5 242 2
B 5 244 1
B 5 245 1
B 5 246 1
B 5 253 1
B 5 255 1
B 5 259 1
B 5 263 2
B 5 272 1
B 5 278 1
B 5 282 1
B 5 283 2
B 5 288 1
B 5 290 1
B 5 298 1
B 5 308 1
B 5 311 1
B 5 312 4
B 5 315 1
B 5 319 1
B 5 325 1
B 5 330 1
B 5 337 2
B 5 348 1
B 5 361 1
B 5 374 1
B 5 377 1
B 5 379 2
B 5 388 2
B 5 417 2
B 5 421 1
B 5 422 1
B 5 437 1
B 5 438 2
B 5 450 1
B 5 461 2
B 5 462 1
B 5 463 1
B 5 496 1
B 5 518 1
B 5 527 1
B 5 541 2
P 6 0.020
B 6 16 1
B 6 23 1
B 6 24 3
B 6 29 1
B 6 37 1
B 6 38 1
B 6 45 1
B 6 46 1
B 6 49 1
B 6 57 3
B 6 61 1
B 6 62 1
B 6 71 2
B 6 77 2
B 6 79 1
B 6 81 1
B 6 82 1
B 6 84 1
B 6 94 1
B 6 98 1
B 6 99 2
B 6 101 2
B 6 119 1
B 6 121 1
B 6 122 2
B 6 127 1
B 6 129 1
B 6 136 1
B 6 140 2
B 6 143 1
B 6 153 2
B 6 156 2
B 6 161 1
B 6 162 2
B 6 177 1
B 6 183 1
B 6 186 1
B 6 187 1
B 6 189 1
B 6 190 1
B 6 191 1
B 6 195 2
B 6 197 2
B 6 198 2
B 6 200 1
B 6 205 1
B 6 210 1
B 6 215 1
B 6 230 1
B 6 234 3
B 6 244 1
B 6 246 1
B 6 249 1
B 6 253 1
B 6 254 1
B 6 256 1
B 6 258 1
B 6 259 1
B 6 260 2
B 6 263 1
B 6 267 1
B 6 275 1
B 6 285 3
B 6 287 1
B 6 294 2
B 6 306 1
B 6 309 1
B 6 345 1
B 6 349 1
B 6 355 1
B 6 361 1
B 6 370 1
B 6 373 1
B 6 383 1
B 6 386 1
B 6 388 2
B 6 389 1
B 6 392 1
B 6 405 1
B 6 419 1
B 6 438 1
B 6 448 1
B 6 460 1
B 6 469 1
B 6 472 1
B 6 476 1
B 6 483 1
B 6 487 1
B 6 489 1
B 6 494 1
B 6 500 2
B 6 502 1
B 6 503 1
B 6 521 1
B 6 529 2
B 6 534 1
P 7 0.020
B 7 18 1
B 7 22 1
B 7 28 1
B 7 31 1
B 7 37 1
B 7 41 1
B 7 51 2
B 7 69 2
B 7 76 1
B 7 83 1
B 7 87 1
B 7 91 1
B 7 94 1
B 7 97 1
B 7 98 2
B 7 99 1
B 7 100 1
B 7 101 1
B 7 108 2
B 7 111 1
B 7 119 1
B 7 125 1
B 7 126 1
B 7 130 1
B 7 131 3
B 7 133 2
B 7 135 1
B 7 137 2
B 7 139 1
B 7 143 1
B 7 148 1
B 7 154 1
B 7 155 2
B 7 158 1
B 7 159 2
B 7 161 1
B 7 163 2
B 7 177 1
B 7 191 1
B 7 192 1
B 7 195 1
B 7 202 1
B 7 207 2
B 7 216 1
B 7 217 1
B 7 221 1
B 7 233 1
B 7 234 1
B 7 244 3
B 7 250 1
B 7 252 1
B 7 258 1
B 7 261 1
B 7 262 2
B 7 265 1
B 7 267 1
B 7 274 1
B 7 276 1
B 7 278 1
B 7 283 1
B 7 286 1
B 7 290 1
B 7 294 1
B 7 302 1
B 7 303 1
B 7 310 1
B 7 314 1
B 7 316 1
B 7 318 1
B 7 325 1
B 7 329 1
B 7 333 1
B 7 337 1
B 7 349 2
B 7 370 1
B 7 403 1
B 7 404 3
B 7 405 1
B 7 411 1
B 7 418 1
B 7 420 1
B 7 434 1
B 7 438 1
B 7 450 2
B 7 457 1
B 7 460 1
B 7 464 1
B 7 470 1
B 7 471 1
B 7 475 2
B 7 481 1
B 7 482 2
B 7 493 1
B 7 504 1
B 7 513 1
B 7 516 2
B 7 540 1
B 7 543 2
P 8 0.020
B 8 17 2
B 8 21 1
B 8 22 1
B 8 27 1
B 8 28 1
B 8 38 1
B 8 42 1
B 8 56 1
B 8 72 2
B 8 73 1
B 8 75 1
B 8 76 1
B 8 82 1
B 8 84 1
B 8 85 1
B 8 89 1
B 8 91 1
B 8 101 1
B 8 108 1
B 8 112 2
B 8 119 1
B 8 121 1
B 8 122 1
B 8 123 1
B 8 130 1
B 8 131 2
B 8 137 2
B 8 141 1
B 8 152 1
B 8 186 1
B 8 190 1
B 8 191 1
B 8 192 1
B 8 195 1
B 8 198 1
B 8 211 5
B 8 219 1
B 8 224 1
B 8 225 1
B 8 227 1
B 8 229 1
B 8 234 1
B 8 241 1
B 8 253 2
B 8 255 1
B 8 272 1
B 8 273 1
B 8 278 1
B 8 279 1
B 8 280 2
B 8 286 1
B 8 288 1
B 8 297 3
B 8 299 1
B 8 315 1
B 8 326 1
B 8 332 1
B 8 341 2
B 8 342 1
B 8 346 1
B 8 353 2
B 8 363 1
B 8 370 1
B 8 386 1
B 8 389 2
B 8 400 1
B 8 419 1
B 8 420 1
B 8 426 2
B 8 434 1
B 8 438 2
B 8 441 1
B 8 444 1
B 8 451 1
B 8 460 1
B 8 465 1
B 8 475 1
B 8 480 1
B 8 493 1
B 8 512 1
B 8 514 1
B 8 516 1
B 8 535 1
P 9 0.020
B 9 2 1
B 9 11 1
B 9 15 2
B 9 17 1
B 9 24 2
B 9 41 1
B 9 43 1
B 9 44 2
B 9 47 1
B 9 52 1
B 9 55 1
B 9 56 1
B 9 57 1
B 9 61 1
B 9 64 1
B 9 68 1
B 9 70 1
B 9 71 1
B 9 72 1
B 9 73 2
B 9 80 1
B 9 84 1
B 9 85 1
B 9 86 1
B 9 89 1
B 9 98 1
B 9 114 1
B 9 119 1
B 9 122 1
B 9 127 1
B 9 128 1
B 9 140 1
B 9 143 1
B 9 146 2
B 9 154 2
B 9 176 1
B 9 178 1
B 9 192 1
B 9 193 1
B 9 194 1
B 9 195 1
B 9 202 1
B 9 203 1
B 9 204 1
B 9 208 2
B 9 215 2
B 9 219 1
B 9 244 1
B 9 248 1
B 9 260 1
B 9 267 1
B 9 281 2
B 9 285 1
B 9 286 1
B 9 288 1
B 9 290 1
B 9 291 1
B 9 302 1
B 9 303 1
B 9 309 1
B 9 321 1
B 9 326 1
B 9 331 1
B 9 333 1
B 9 344 1
B 9 345 1
B 9 359 1
B 9 378 1
B 9 381 2
B 9 392 1
B 9 401 3
B 9 403 1
B 9 416 1
B 9 418 1
B 9 423 1
B 9 425 1
B 9 426 1
B 9 434 1
B 9 438 3
B 9 441 1
B 9 446 1
B 9 449 2
B 9 463 1
B 9 470 1
B 9 473 1
B 9 475 1
B 9 477 1
B 9 487 1
B 9 516 1
B 9 526 1
B 9 542 1
B 9 544 1
P 10 0.020
B 10 7 1
B 10 17 1
B 10 18 1
B 10 20 1
B 10 22 1
B 10 37 1
B 10 38 1
B 10 49 1
B 10 57 3
B 10 61 1
B 10 68 1
B 10 71 2
B 10 73 1
B 10 76 2
B 10 80 1
B 10 82 1
B 10 85 1
B 10 94 1
B 10 109 1
B 10 111 1
B 10 119 1
B 10 123 1
B 10 124 1
B 10 127 1
B 10 129 1
B 10 132 1
B 10 134 1
B 10 141 1
B 10 153 3
B 10 158 1
B 10 163 1
B 10 174 1
B 10 177 1
B 10 181 1
B 10 190 1
B 10 198 3
B 10 199 1
B 10 205 1
B 10 211 1
B 10 213 1
B 10 219 1
B 10 221 1
B 10 227 1
B 10 228 1
B 10 229 1
B 10 233 1
B 10 234 1
B 10 236 1
B 10 237 2
B 10 263 2
B 10 277 2
B 10 288 2
B 10 306 2
B 10 307 1
B 10 309 1
B 10 312 1
B 10 314 1
B 10 317 1
B 10 319 1
B 10 321 1
B 10 331 3
B 10 349 2
B 10 353 1
B 10 373 1
B 10 379 2
B 10 388 1
B 10 396 1
B 10 405 1
B 10 409 1
B 10 414 1
B 10 419 2
B 10 420 1
B 10 423 1
B 10 427 1
B 10 438 3
B 10 440 2
B 10 442 2
B 10 476 1
B 10 477 2
B 10 482 1
B 10 484 1
B 10 493 1
B 10 500 2
B 10 502 2
B 10 517 1
B 10 539 1
P 11 0.020
B 11 7 2
B 11 20 2
B 11 22 2
B 11 26 1
B 11 41 1
B 11 43 2
B 11 50 4
B 11 72 4
B 11 73 1
B 11 78 1
B 11 79 1
B 11 82 1
B 11 87 1
B 11 90 2
B 11 103 1
B 11 121 1
B 11 125 1
B 11 127 1
B 11 135 1
B 11 137 1
B 11 142 1
B 11 144 2
B 11 158 2
B 11 159 2
B 11 174 1
B 11 175 2
B 11 179 2
B 11 181 1
B 11 190 2
B 11 196 1
B 11 198 1
B 11 199 1
B 11 207 2
B 11 208 1
B 11 211 1
B 11 213 2
B 11 221 2
B 11 224 2
B 11 236 1
B 11 242 1
B 11 245 1
B 11 247 1
B 11 249 2
B 11 254 1
B 11 255 1
B 11 260 1
B 11 277 1
B 11 283 3
B 11 284 1
B 11 290 1
B 11 303 1
B 11 311 2
B 11 321 2
B 11 322 1
B 11 324 1
B 11 326 2
B 11 341 2
B 11 348 1
B 11 353 1
B 11 358 2
B 11 361 1
B 11 370 1
B 11 377 1
B 11 379 1
B 11 381 1
B 11 382 1
B 11 383 2
B 11 384 1
B 11 390 1
B 11 396 1
B 11 409 1
B 11 414 1
B 11 416 1
B 11 428 1
B 11 448 1
B 11 460 5
B 11 478 1
B 11 480 1
B 11 483 1
B 11 484 1
B 11 485 1
B 11 490 1
B 11 498 2
B 11 515 1
B 11 545 1
P 12 0.020
B 12 3 1
B 12 5 1
B 12 8 1
B 12 18 1
B 12 19 1
B 12 21 1
B 12 27 2
B 12 49 2
B 12 54 1
B 12 55 2
B 12 57 3
B 12 61 1
B 12 62 4
B 12 64 1
B 12 72 1
B 12 73 1
B 12 84 2
B 12 85 1
B 12 94 1
B 12 96 1
B 12 116 1
B 12 119 1
B 12 124 1
B 12 125 1
B 12 126 1
B 12 133 1
B 12 144 1
B 12 159 3
B 12 196 3
B 12 204 1
B 12 212 2
B 12 213 2
B 12 216 2
B 12 217 2
B 12 225 1
B 12 234 2
B 12 251 1
B 12 256 1
B 12 260 1
B 12 262 2
B 12 276 2
B 12 279 2
B 12 280 2
B 12 287 1
B 12 288 1
B 12 293 1
B 12 306 1
B 12 309 1
B 12 312 2
B 12 326 1
B 12 327 2
B 12 332 1
B 12 334 1
B 12 341 1
B 12 345 2
B 12 346 1
B 12 358 1
B 12 370 1
B 12 371 1
B 12 384 1
B 12 388 2
B 12 394 1
B 12 408 1
B 12 417 1
B 12 435 1
B 12 438 2
B 12 444 1
B 12 451 1
B 12 476 1
B 12 483 1
B 12 484 1
B 12 485 1
B 12 500 1
B 12 506 1
B 12 521 1
B 12 546 1
P 13 0.020
B 13 17 1
B 13 19 1
B 13 29 1
B 13 36 2
B 13 38 1
B 13 43 2
B 13 44 1
B 13 47 1
B 13 54 1
B 13 55 1
B 13 60 3
B 13 70 1
B 13 72 1
B 13 79 1
B 13 83 1
B 13 84 2
B 13 90 1
B 13 98 1
B 13 106 1
B 13 113 1
B 13 119 1
B 13 125 1
B 13 126 1
B 13 128 1
B 13 131 1
B 13 132 1
B 13 138 1
B 13 142 1
B 13 144 1
B 13 159 3
B 13 160 1
B 13 164 1
B 13 176 2
B 13 178 1
B 13 179 2
B 13 183 1
B 13 188 2
B 13 191 1
B 13 192 1
B 13 193 2
B 13 194 1
B 13 196 2
B 13 198 1
B 13 203 2
B 13 212 1
B 13 215 1
B 13 219 1
B 13 227 1
B 13 229 2
B 13 246 1
B 13 251 1
B 13 254 1
B 13 262 1
B 13 263 1
B 13 278 1
B 13 280 2
B 13 283 1
B 13 288 3
B 13 291 1
B 13 298 1
B 13 302 1
B 13 303 2
B 13 307 1
B 13 309 1
B 13 316 1
B 13 318 1
B 13 324 1
B 13 327 3
B 13 331 1
B 13 350 2
B 13 361 2
B 13 370 1
B 13 371 1
B 13 373 1
B 13 381 2
B 13 383 1
B 13 384 1
B 13 388 1
B 13 392 1
B 13 398 1
B 13 405 1
B 13 412 1
B 13 413 1
B 13 414 1
B 13 417 1
B 13 429 1
B 13 442 1
B 13 457 1
B 13 458 1
B 13 476 1
B 13 527 1
P 14 0.020
B 14 7 1
B 14 12 1
B 14 17 1
B 14 20 1
B 14 22 2
B 14 24 1
B 14 27 1
B 14 29 1
B 14 45 1
B 14 46 1
B 14 51 1
B 14 64 2
B 14 66 2
B 14 68 1
B 14 69 1
B 14 72 1
B 14 76 3
B 14 81 1
B 14 85 1
B 14 86 1
B 14 91 1
B 14 92 1
B 14 101 2
B 14 109 1
B 14 111 1
B 14 128 1
B 14 129 1
B 14 130 6
B 14 133 3
B 14 137 1
B 14 152 1
B 14 153 2
B 14 154 1
B 14 156 1
B 14 158 1
B 14 160 1
B 14 168 2
B 14 173 1
B 14 175 1
B 14 177 1
B 14 178 1
B 14 179 2
B 14 181 1
B 14 182 2
B 14 186 3
B 14 188 2
B 14 189 1
B 14 191 1
B 14 195 1
B 14 197 2
B 14 199 1
B 14 205 1
B 14 207 1
B 14 211 1
B 14 213 1
B 14 214 3
B 14 218 1
B 14 221 1
B 14 229 1
B 14 233 2
B 14 234 2
B 14 235 2
B 14 241 1
B 14 244 1
B 14 245 1
B 14 251 1
B 14 254 1
B 14 257 2
B 14 261 2
B 14 262 1
B 14 272 2
B 14 273 2
B 14 275 1
B 14 278 3
B 14 279 1
B 14 284 1
B 14 298 1
B 14 310 1
B 14 331 1
B 14 341 1
B 14 348 1
B 14 355 1
B 14 361 1
B 14 371 1
B 14 389 1
B 14 403 1
B 14 414 1
B 14 417 1
B 14 419 1
B 14 420 2
B 14 426 1
B 14 429 1
B 14 433 1
B 14 446 2
B 14 447 2
B 14 454 1
B 14 461 1
B 14 470 2
B 14 477 2
B 14 483 1
B 14 512 3
P 15 0.020
B 15 27 1
B 15 38 1
B 15 42 2
B 15 45 1
B 15 46 1
B 15 49 1
B 15 64 2
B 15 65 1
B 15 84 1
B 15 91 2
B 15 97 1
B 15 98 1
B 15 102 2
B 15 107 1
B 15 119 1
B 15 122 2
B 15 137 2
B 15 139 1
B 15 144 1
B 15 159 4
B 15 179 1
B 15 186 1
B 15 187 1
B 15 190 3
B 15 198 1
B 15 199 1
B 15 203 2
B 15 205 1
B 15 207 1
B 15 209 1
B 15 211 1
B 15 213 2
B 15 216 3
B 15 218 2
B 15 230 2
B 15 234 4
B 15 240 1
B 15 246 1
B 15 247 1
B 15 251 1
B 15 256 1
B 15 263 1
B 15 276 1
B 15 277 1
B 15 278 1
B 15 283 2
B 15 295 1
B 15 296 1
B 15 299 1
B 15 303 1
B 15 305 1
B 15 323 1
B 15 326 1
B 15 328 1
B 15 331 1
B 15 340 1
B 15 358 1
B 15 363 1
B 15 373 1
B 15 375 1
B 15 397 1
B 15 405 1
B 15 412 1
B 15 420 1
B 15 457 1
B 15 460 4
B 15 467 1
B 15 473 1
B 15 523 1
B 15 530 2
B 15 540 1
P 16 0.020
B 16 0 1
B 16 8 3
B 16 15 1
B 16 17 2
B 16 18 3
B 16 20 2
B 16 31 1
B 16 43 1
B 16 57 2
B 16 60 2
B 16 61 2
B 16 70 2
B 16 74 1
B 16 76 2
B 16 78 1
B 16 88 2
B 16 99 1
B 16 100 1
B 16 101 1
B 16 103 4
B 16 105 2
B 16 121 1
B 16 123 2
B 16 124 1
B 16 129 1
B 16 130 1
B 16 133 1
B 16 136 1
B 16 151 2
B 16 154 1
B 16 155 1
B 16 160 1
B 16 167 1
B 16 169 1
B 16 170 1
B 16 181 1
B 16 183 1
B 16 186 1
B 16 190 1
B 16 191 1
B 16 193 1
B 16 194 1
B 16 197 1
B 16 199 3
B 16 200 2
B 16 204 1
B 16 205 1
B 16 213 2
B 16 221 2
B 16 224 1
B 16 227 1
B 16 233 1
B 16 234 4
B 16 239 1
B 16 246 1
B 16 250 1
B 16 255 2
B 16 257 1
B 16 260 2
B 16 261 1
B 16 262 1
B 16 267 2
B 16 272 1
B 16 276 2
B 16 277 1
B 16 286 1
B 16 287 1
B 16 294 1
B 16 298 1
B 16 303 1
B 16 307 1
B 16 311 1
B 16 318 1
B 16 320 1
B 16 329 1
B 16 333 1
B 16 338 1
B 16 348 2
B 16 349 2
B 16 361 1
B 16 370 1
B 16 373 3
B 16 383 1
B 16 410 1
B 16 411 1
B 16 418 1
B 16 419 1
B 16 423 1
B 16 438 4
B 16 451 1
B 16 462 1
B 16 470 1
B 16 491 1
B 16 504 2
B 16 506 1
B 16 517 1
B 16 521 1
B 16 525 1
B 16 531 1
B 16 532 1
B 16 536 1
B 16 538 1
P 17 0.020
B 17 1 1
B 17 6 1
B 17 7 1
B 17 8 2
B 17 20 1
B 17 22 1
B 17 27 1
B 17 45 2
B 17 47 1
B 17 57 1
B 17 62 1
B 17 67 1
B 17 69 1
B 17 71 1
B 17 74 1
B 17 75 2
B 17 79 1
B 17 81 1
B 17 85 4
B 17 86 2
B 17 121 1
B 17 122 1
B 17 125 1
B 17 126 1
B 17 127 2
B 17 128 4
B 17 137 1
B 17 142 1
B 17 158 1
B 17 176 1
B 17 178 1
B 17 195 3
B 17 196 1
B 17 198 1
B 17 201 1
B 17 204 1
B 17 205 1
B 17 209 1
B 17 213 1
B 17 214 1
B 17 215 1
B 17 219 1
B 17 221 2
B 17 231 1
B 17 234 2
B 17 240 1
B 17 243 2
B 17 255 1
B 17 256 2
B 17 261 1
B 17 263 2
B 17 276 1
B 17 280 1
B 17 282 1
B 17 285 1
B 17 294 2
B 17 299 1
B 17 300 2
B 17 301 1
B 17 311 1
B 17 312 1
B 17 313 1
B 17 320 1
B 17 322 1
B 17 343 1
B 17 350 2
B 17 353 2
B 17 359 2
B 17 360 1
B 17 372 1
B 17 378 1
B 17 389 2
B 17 392 2
B 17 404 1
B 17 417 1
B 17 418 1
B 17 448 1
B 17 453 1
B 17 461 1
B 17 462 1
B 17 470 2
B 17 487 1
B 17 498 1
B 17 508 1
B 17 510 1
B 17 512 1
B 17 522 1
B 17 530 1
P 18 0.020
B 18 16 1
B 18 22 1
B 18 41 2
B 18 46 1
B 18 47 1
B 18 52 1
B 18 55 1
B 18 61 2
B 18 69 1
B 18 85 2
B 18 86 1
B 18 89 1
B 18 90 1
B 18 118 1
B 18 125 1
B 18 127 1
B 18 132 1
B 18 134 1
B 18 136 1
B 18 140 2
B 18 153 1
B 18 159 1
B 18 181 1
B 18 183 1
B 18 188 1
B 18 191 1
B 18 194 2
B 18 196 1
B 18 199 2
B 18 202 1
B 18 207 2
B 18 208 1
B 18 210 1
B 18 218 2
B 18 221 1
B 18 224 1
B 18 225 2
B 18 227 1
B 18 234 2
B 18 244 1
B 18 251 1
B 18 259 2
B 18 260 1
B 18 272 1
B 18 278 1
B 18 280 3
B 18 286 1
B 18 287 1
B 18 293 1
B 18 294 1
B 18 303 2
B 18 306 1
B 18 322 1
B 18 327 1
B 18 329 1
B 18 341 1
B 18 342 1
B 18 352 1
B 18 360 1
B 18 373 1
B 18 379 1
B 18 380 1
B 18 387 1
B 18 390 2
B 18 396 2
B 18 397 1
B 18 409 2
B 18 417 2
B 18 424 3
B 18 426 2
B 18 436 1
B 18 451 1
B 18 460 1
B 18 470 2
B 18 477 1
B 18 487 1
B 18 494 1
B 18 495 2
B 18 500 1
B 18 501 1
B 18 538 1
P 19 0.020
B 19 7 1
B 19 27 1
B 19 34 2
B 19 38 1
B 19 41 2
B 19 46 1
B 19 54 2
B 19 61 1
B 19 62 1
B 19 70 1
B 19 71 1
B 19 72 2
B 19 74 1
B 19 75 1
B 19 79 2
B 19 82 1
B 19 84 1
B 19 87 1
B 19 92 1
B 19 97 2
B 19 103 1
B 19 114 4
B 19 123 1
B 19 127 1
B 19 129 2
B 19 133 2
B 19 137 1
B 19 139 1
B 19 156 1
B 19 159 2
B 19 176 2
B 19 177 1
B 19 178 1
B 19 185 1
B 19 186 2
B 19 188 1
B 19 189 1
B 19 194 1
B 19 196 1
B 19 202 2
B 19 203 5
B 19 204 1
B 19 211 1
B 19 212 1
B 19 213 2
B 19 216 1
B 19 219 1
B 19 230 1
B 19 240 1
B 19 242 1
B 19 246 1
B 19 250 1
B 19 258 1
B 19 269 1
B 19 275 2
B 19 276 1
B 19 277 1
B 19 283 2
B 19 285 1
B 19 290 1
B 19 291 1
B 19 299 2
B 19 313 1
B 19 314 1
B 19 318 1
B 19 319 1
B 19 344 2
B 19 363 2
B 19 371 1
B 19 387 2
B 19 400 1
B 19 420 1
B 19 438 1
B 19 440 1
B 19 445 1
B 19 449 1
B 19 450 2
B 19 461 1
B 19 465 1
B 19 470 2
B 19 474 2
B 19 477 1
B 19 494 1
B 19 521 1
B 19 534 1
P 20 0.020
B 20 8 2
B 20 17 1
B 20 18 1
B 20 20 1
B 20 26 1
B 20 34 1
B 20 37 1
B 20 38 1
B 20 42 2
B 20 44 2
B 20 49 1
B 20 51 1
B 20 56 1
B 20 57 1
B 20 60 2
B 20 61 1
B 20 74 2
B 20 75 1
B 20 78 1
B 20 85 1
B 20 86 2
B 20 88 1
B 20 90 1
B 20 94 1
B 20 98 2
B 20 99 2
B 20 124 1
B 20 125 2
B 20 126 1
B 20 129 2
B 20 132 1
B 20 136 1
B 20 142 1
B 20 153 2
B 20 155 1
B 20 161 1
B 20 163 1
B 20 179 1
B 20 190 1
B 20 195 1
B 20 198 1
B 20 202 1
B 20 205 1
B 20 211 1
B 20 213 1
B 20 215 1
B 20 217 1
B 20 219 1
B 20 224 1
B 20 228 1
B 20 250 1
B 20 258 1
B 20 262 1
B 20 268 1
B 20 272 2
B 20 276 2
B 20 278 1
B 20 279 1
B 20 285 1
B 20 306 1
B 20 314 1
B 20 316 1
B 20 324 2
B 20 332 1
B 20 359 1
B 20 361 1
B 20 363 1
B 20 375 1
B 20 381 1
B 20 411 1
B 20 414 1
B 20 423 1
B 20 445 2
B 20 450 1
B 20 471 1
B 20 495 2
B 20 496 1
B 20 497 2
B 20 501 3
B 20 512 1
B 20 529 1
B 20 541 2
P 21 0.020
B 21 8 1
B 21 18 1
B 21 46 1
B 21 52 1
B 21 61 1
B 21 64 1
B 21 73 3
B 21 76 2
B 21 78 1
B 21 81 1
B 21 88 1
B 21 93 1
B 21 101 1
B 21 108 1
B 21 121 1
B 21 124 4
B 21 137 1
B 21 153 1
B 21 154 1
B 21 156 2
B 21 160 1
B 21 164 1
B 21 177 1
B 21 181 1
B 21 190 2
B 21 193 1
B 21 195 1
B 21 198 1
B 21 203 1
B 21 204 1
B 21 207 1
B 21 210 2
B 21 213 1
B 21 215 2
B 21 219 1
B 21 231 1
B 21 235 1
B 21 246 1
B 21 247 2
B 21 252 1
B 21 257 1
B 21 261 1
B 21 267 1
B 21 275 1
B 21 278 1
B 21 279 2
B 21 291 1
B 21 294 3
B 21 297 1
B 21 299 2
B 21 305 1
B 21 307 1
B 21 325 1
B 21 333 1
B 21 344 1
B 21 350 2
B 21 356 1
B 21 370 1
B 21 371 1
B 21 383 1
B 21 389 1
B 21 403 1
B 21 409 1
B 21 416 1
B 21 446 1
B 21 451 1
B 21 453 2
B 21 477 1
B 21 478 1
B 21 485 1
B 21 512 1
B 21 528 1
P 22 0.020
B 22 2 1
B 22 5 2
B 22 8 1
B 22 15 1
B 22 17 1
B 22 22 1
B 22 31 1
B 22 34 1
B 22 42 1
B 22 43 1
B 22 45 1
B 22 46 1
B 22 50 1
B 22 64 1
B 22 75 1
B 22 76 1
B 22 81 1
B 22 86 1
B 22 87 1
B 22 89 1
B 22 97 1
B 22 103 1
B 22 119 2
B 22 125 1
B 22 126 1
B 22 128 1
B 22 129 1
B 22 132 1
B 22 133 1
B 22 135 1
B 22 136 2
B 22 137 1
B 22 139 2
B 22 156 2
B 22 158 4
B 22 160 1
B 22 178 1
B 22 179 1
B 22 181 1
B 22 183 1
B 22 192 1
B 22 203 2
B 22 207 1
B 22 211 2
B 22 212 1
B 22 217 1
B 22 218 1
B 22 221 1
B 22 225 1
B 22 236 1
B 22 251 1
B 22 262 1
B 22 267 1
B 22 268 1
B 22 271 1
B 22 278 1
B 22 279 1
B 22 284 1
B 22 285 1
B 22 288 2
B 22 293 2
B 22 309 1
B 22 312 1
B 22 313 1
B 22 316 1
B 22 333 2
B 22 346 1
B 22 352 1
B 22 354 1
B 22 355 1
B 22 357 1
B 22 393 1
B 22 394 1
B 22 409 2
B 22 411 1
B 22 416 1
B 22 467 2
B 22 480 1
B 22 528 1
P 23 0.020
B 23 8 2
B 23 18 1
B 23 21 1
B 23 22 1
B 23 24 1
B 23 36 1
B 23 39 2
B 23 52 1
B 23 53 2
B 23 54 2
B 23 55 1
B 23 57 1
B 23 61 1
B 23 64 1
B 23 74 1
B 23 75 1
B 23 77 1
B 23 88 1
B 23 90 1
B 23 97 1
B 23 100 1
B 23 103 1
B 23 110 1
B 23 111 1
B 23 114 1
B 23 120 1
B 23 125 1
B 23 127 2
B 23 129 1
B 23 130 1
B 23 133 1
B 23 137 1
B 23 144 1
B 23 145 1
B 23 147 1
B 23 152 1
B 23 154 1
B 23 156 1
B 23 158 1
B 23 159 1
B 23 168 1
B 23 170 1
B 23 181 1
B 23 188 1
B 23 191 1
B 23 195 1
B 23 200 1
B 23 205 3
B 23 212 4
B 23 234 1
B 23 235 1
B 23 241 1
B 23 255 1
B 23 259 1
B 23 264 1
B 23 270 2
B 23 273 1
B 23 279 2
B 23 294 3
B 23 296 1
B 23 324 1
B 23 332 1
B 23 350 1
B 23 394 2
B 23 403 3
B 23 405 1
B 23 423 1
B 23 429 1
B 23 440 2
B 23 466 1
B 23 470 2
B 23 477 1
B 23 483 1
B 23 484 1
B 23 487 1
B 23 494 1
B 23 496 1
B 23 500 1
B 23 512 1
B 23 544 1
B 23 547 1
P 24 0.020
B 24 7 1
B 24 8 1
B 24 22 2
B 24 24 1
B 24 36 1
B 24 37 1
B 24 41 1
B 24 46 1
B 24 49 1
B 24 50 1
B 24 69 1
B 24 70 2
B 24 72 1
B 24 101 1
B 24 117 1
B 24 125 1
B 24 126 2
B 24 127 1
B 24 134 1
B 24 137 4
B 24 138 1
B 24 144 1
B 24 154 1
B 24 160 2
B 24 161 2
B 24 175 3
B 24 179 1
B 24 181 1
B 24 188 1
B 24 190 2
B 24 191 1
B 24 194 2
B 24 203 1
B 24 204 1
B 24 205 3
B 24 211 1
B 24 213 2
B 24 215 1
B 24 222 1
B 24 228 2
B 24 234 1
B 24 236 1
B 24 238 1
B 24 246 1
B 24 250 1
B 24 253 2
B 24 255 2
B 24 257 1
B 24 258 1
B 24 259 1
B 24 275 1
B 24 277 1
B 24 282 1
B 24 298 2
B 24 313 2
B 24 314 1
B 24 329 1
B 24 337 1
B 24 341 1
B 24 346 1
B 24 354 1
B 24 363 2
B 24 373 1
B 24 379 2
B 24 383 1
B 24 386 2
B 24 388 1
B 24 400 2
B 24 405 4
B 24 422 2
B 24 427 1
B 24 434 2
B 24 444 2
B 24 484 1
B 24 489 1
B 24 493 1
B 24 495 1
B 24 518 1
B 24 527 1
B 24 543 1
P 25 0.020
B 25 5 2
B 25 9 1
B 25 16 1
B 25 37 1
B 25 41 1
B 25 42 1
B 25 50 1
B 25 53 1
B 25 57 2
B 25 62 1
B 25 64 2
B 25 76 1
B 25 103 2
B 25 107 1
B 25 121 1
B 25 130 1
B 25 133 1
B 25 137 2
B 25 140 1
B 25 148 1
B 25 153 1
B 25 155 3
B 25 161 1
B 25 175 1
B 25 191 1
B 25 193 2
B 25 205 3
B 25 207 1
B 25 208 1
B 25 211 2
B 25 217 1
B 25 228 1
B 25 229 1
B 25 234 1
B 25 240 1
B 25 241 2
B 25 242 1
B 25 244 1
B 25 253 2
B 25 256 1
B 25 262 1
B 25 276 1
B 25 277 1
B 25 278 2
B 25 294 1
B 25 312 1
B 25 313 1
B 25 319 1
B 25 326 1
B 25 332 1
B 25 333 1
B 25 348 1
B 25 353 2
B 25 402 2
B 25 403 1
B 25 416 2
B 25 429 1
B 25 438 3
B 25 448 1
B 25 454 1
B 25 471 1
B 25 484 1
B 25 501 1
B 25 503 1
B 25 517 1
B 25 545 1
P 26 0.020
B 26 8 1
B 26 18 2
B 26 24 1
B 26 41 1
B 26 43 1
B 26 44 1
B 26 47 2
B 26 55 1
B 26 60 1
B 26 67 1
B 26 71 1
B 26 72 1
B 26 75 2
B 26 77 1
B 26 78 2
B 26 79 3
B 26 83 2
B 26 87 1
B 26 103 2
B 26 107 1
B 26 108 1
B 26 109 1
B 26 112 1
B 26 113 1
B 26 126 1
B 26 128 2
B 26 129 1
B 26 130 2
B 26 137 1
B 26 141 2
B 26 154 1
B 26 155 2
B 26 158 2
B 26 175 2
B 26 178 1
B 26 183 1
B 26 185 1
B 26 186 2
B 26 188 1
B 26 194 1
B 26 203 1
B 26 205 2
B 26 208 3
B 26 211 1
B 26 221 3
B 26 228 1
B 26 234 1
B 26 240 2
B 26 245 1
B 26 251 1
B 26 252 1
B 26 253 1
B 26 254 1
B 26 258 1
B 26 259 1
B 26 261 1
B 26 267 1
B 26 277 1
B 26 283 1
B 26 292 1
B 26 304 1
B 26 311 1
B 26 330 1
B 26 345 1
B 26 355 1
B 26 361 1
B 26 378 1
B 26 394 1
B 26 400 2
B 26 404 3
B 26 413 1
B 26 422 1
B 26 425 1
B 26 435 1
B 26 449 1
B 26 454 2
B 26 470 3
B 26 473 1
B 26 474 1
B 26 482 1
B 26 487 1
B 26 493 1
B 26 494 1
B 26 511 1
B 26 512 1
P 27 0.020
B 27 1 1
B 27 3 2
B 27 6 1
B 27 18 1
B 27 24 1
B 27 32 2
B 27 34 1
B 27 37 1
B 27 42 3
B 27 68 2
B 27 74 1
B 27 76 4
B 27 78 4
B 27 85 1
B 27 92 1
B 27 109 1
B 27 119 1
B 27 121 3
B 27 126 1
B 27 130 2
B 27 131 1
B 27 139 2
B 27 154 1
B 27 156 2
B 27 158 1
B 27 159 1
B 27 178 1
B 27 179 2
B 27 184 1
B 27 191 1
B 27 194 1
B 27 195 1
B 27 196 2
B 27 206 1
B 27 211 1
B 27 215 1
B 27 218 3
B 27 219 1
B 27 224 2
B 27 225 1
B 27 240 1
B 27 241 1
B 27 244 1
B 27 245 2
B 27 247 1
B 27 250 1
B 27 256 2
B 27 279 1
B 27 280 1
B 27 282 1
B 27 291 1
B 27 300 1
B 27 316 1
B 27 319 3
B 27 323 1
B 27 325 2
B 27 331 1
B 27 333 1
B 27 346 1
B 27 358 1
B 27 361 1
B 27 369 1
B 27 384 1
B 27 401 1
B 27 403 1
B 27 408 1
B 27 411 1
B 27 418 1
B 27 422 1
B 27 447 1
B 27 454 2
B 27 461 1
B 27 464 2
B 27 468 1
B 27 476 2
B 27 500 2
B 27 503 3
B 27 510 2
B 27 516 1
P 28 0.020
B 28 7 1
B 28 24 1
B 28 38 1
B 28 42 1
B 28 47 1
B 28 50 1
B 28 52 1
B 28 75 1
B 28 76 1
B 28 79 1
B 28 93 2
B 28 129 1
B 28 131 2
B 28 133 1
B 28 138 2
B 28 142 2
B 28 144 1
B 28 154 1
B 28 159 1
B 28 174 1
B 28 183 1
B 28 184 1
B 28 185 1
B 28 191 1
B 28 192 1
B 28 193 1
B 28 201 1
B 28 202 1
B 28 203 2
B 28 205 3
B 28 207 2
B 28 211 1
B 28 212 1
B 28 214 1
B 28 225 2
B 28 236 1
B 28 245 1
B 28 252 1
B 28 264 1
B 28 265 1
B 28 267 1
B 28 268 1
B 28 288 1
B 28 292 1
B 28 299 1
B 28 312 1
B 28 314 2
B 28 320 1
B 28 328 1
B 28 336 2
B 28 348 1
B 28 354 1
B 28 361 1
B 28 366 1
B 28 367 1
B 28 370 1
B 28 400 1
B 28 403 1
B 28 406 1
B 28 407 1
B 28 411 1
B 28 414 1
B 28 415 1
B 28 426 2
B 28 438 1
B 28 458 1
B 28 472 1
B 28 476 1
B 28 484 1
B 28 487 1
B 28 504 1
P 29 0.020
B 29 8 1
B 29 17 1
B 29 18 3
B 29 21 1
B 29 27 1
B 29 32 1
B 29 35 1
B 29 36 1
B 29 43 1
B 29 50 1
B 29 52 2
B 29 54 2
B 29 67 1
B 29 81 1
B 29 84 1
B 29 87 1
B 29 88 2
B 29 97 1
B 29 104 2
B 29 119 1
B 29 122 1
B 29 126 2
B 29 128 1
B 29 136 2
B 29 138 1
B 29 139 1
B 29 140 1
B 29 142 1
B 29 160 1
B 29 163 1
B 29 165 1
B 29 177 1
B 29 178 1
B 29 183 1
B 29 186 3
B 29 187 1
B 29 189 1
B 29 192 2
B 29 194 1
B 29 199 2
B 29 209 1
B 29 210 1
B 29 214 1
B 29 219 1
B 29 223 1
B 29 229 1
B 29 234 1
B 29 244 1
B 29 256 2
B 29 261 1
B 29 262 3
B 29 288 1
B 29 294 1
B 29 300 1
B 29 302 1
B 29 304 1
B 29 307 1
B 29 313 2
B 29 322 1
B 29 325 1
B 29 329 1
B 29 333 2
B 29 341 1
B 29 346 1
B 29 360 1
B 29 376 2
B 29 379 1
B 29 383 2
B 29 386 2
B 29 389 2
B 29 393 1
B 29 410 1
B 29 413 1
B 29 426 1
B 29 429 1
B 29 438 1
B 29 451 1
B 29 454 1
B 29 460 1
B 29 473 1
B 29 504 1
B 29 506 1
B 29 516 1
B 29 521 1
B 29 530 1
P 30 0.020
B 30 7 1
B 30 8 1
B 30 18 1
B 30 22 1
B 30 27 1
B 30 35 1
B 30 41 1
B 30 42 1
B 30 43 1
B 30 47 1
B 30 50 2
B 30 53 2
B 30 62 1
B 30 70 2
B 30 74 1
B 30 75 1
B 30 78 5
B 30 81 1
B 30 84 2
B 30 88 1
B 30 92 1
B 30 94 1
B 30 98 1
B 30 100 2
B 30 105 1
B 30 110 1
B 30 119 1
B 30 121 1
B 30 123 1
B 30 137 1
B 30 140 1
B 30 145 1
B 30 152 1
B 30 155 3
B 30 162 1
B 30 169 1
B 30 174 1
B 30 175 1
B 30 183 1
B 30 190 1
B 30 203 2
B 30 211 2
B 30 212 1
B 30 215 2
B 30 219 1
B 30 233 1
B 30 234 2
B 30 239 1
B 30 241 1
B 30 245 1
B 30 255 1
B 30 259 1
B 30 264 1
B 30 269 1
B 30 278 1
B 30 287 2
B 30 310 1
B 30 346 1
B 30 351 1
B 30 358 1
B 30 359 3
B 30 361 2
B 30 382 1
B 30 396 1
B 30 407 2
B 30 409 1
B 30 428 1
B 30 434 1
B 30 437 1
B 30 438 1
B 30 464 1
B 30 477 1
B 30 546 1
P 31 0.020
B 31 21 1
B 31 24 1
B 31 28 1
B 31 29 1
B 31 43 1
B 31 45 1
B 31 47 1
B 31 51 1
B 31 57 2
B 31 61 1
B 31 70 1
B 31 76 1
B 31 78 1
B 31 81 1
B 31 83 1
B 31 84 1
B 31 85 1
B 31 86 2
B 31 91 1
B 31 92 1
B 31 96 1
B 31 98 1
B 31 112 1
B 31 119 3
B 31 122 1
B 31 124 1
B 31 127 1
B 31 128 2
B 31 130 2
B 31 134 1
B 31 137 1
B 31 142 3
B 31 146 2
B 31 149 1
B 31 154 1
B 31 158 1
B 31 159 1
B 31 161 1
B 31 178 1
B 31 179 1
B 31 181 2
B 31 183 1
B 31 186 1
B 31 187 1
B 31 190 1
B 31 192 1
B 31 193 1
B 31 196 1
B 31 207 2
B 31 212 1
B 31 216 1
B 31 222 2
B 31 239 2
B 31 242 1
B 31 244 2
B 31 246 1
B 31 253 1
B 31 258 1
B 31 272 1
B 31 275 2
B 31 277 1
B 31 280 2
B 31 285 1
B 31 290 2
B 31 294 1
B 31 295 1
B 31 306 1
B 31 311 1
B 31 314 1
B 31 319 2
B 31 321 2
B 31 323 1
B 31 330 1
B 31 389 1
B 31 394 1
B 31 410 1
B 31 417 1
B 31 425 1
B 31 451 3
B 31 461 1
B 31 462 1
B 31 476 2
B 31 494 1
B 31 495 1
B 31 497 1
B 31 501 2
B 31 525 1
B 31 545 1
P 32 0.020
B 32 7 1
B 32 8 1
B 32 12 1
B 32 17 1
B 32 26 1
B 32 34 2
B 32 38 2
B 32 39 1
B 32 44 1
B 32 50 2
B 32 51 1
B 32 55 1
B 32 61 2
B 32 67 1
B 32 78 1
B 32 82 1
B 32 99 2
B 32 100 1
B 32 104 1
B 32 132 1
B 32 136 1
B 32 137 1
B 32 145 1
B 32 150 2
B 32 160 1
B 32 174 1
B 32 175 2
B 32 181 1
B 32 183 1
B 32 200 1
B 32 205 1
B 32 207 1
B 32 208 1
B 32 209 1
B 32 216 2
B 32 220 1
B 32 230 1
B 32 234 1
B 32 239 1
B 32 242 1
B 32 247 1
B 32 250 1
B 32 259 1
B 32 261 1
B 32 263 1
B 32 280 1
B 32 294 1
B 32 300 1
B 32 311 1
B 32 315 1
B 32 327 2
B 32 332 1
B 32 342 1
B 32 350 1
B 32 356 1
B 32 360 1
B 32 386 1
B 32 400 1
B 32 404 1
B 32 417 1
B 32 428 1
B 32 438 1
B 32 454 1
B 32 459 1
B 32 460 1
B 32 470 3
B 32 487 1
B 32 502 1
B 32 510 1
B 32 512 1
B 32 535 1
P 33 0.020
B 33 32 1
B 33 37 1
B 33 38 1
B 33 41 1
B 33 46 2
B 33 50 1
B 33 57 1
B 33 64 1
B 33 67 2
B 33 71 1
B 33 74 2
B 33 75 1
B 33 78 1
B 33 81 1
B 33 89 1
B 33 97 1
B 33 109 1
B 33 119 2
B 33 123 1
B 33 127 1
B 33 128 1
B 33 130 1
B 33 135 1
B 33 137 1
B 33 138 3
B 33 139 1
B 33 142 1
B 33 144 1
B 33 160 1
B 33 179 1
B 33 181 1
B 33 183 1
B 33 186 1
B 33 188 1
B 33 191 2
B 33 193 1
B 33 198 1
B 33 202 1
B 33 203 1
B 33 207 1
B 33 214 1
B 33 215 2
B 33 221 1
B 33 225 1
B 33 236 1
B 33 239 2
B 33 250 1
B 33 251 1
B 33 252 3
B 33 260 1
B 33 261 2
B 33 272 1
B 33 279 1
B 33 290 1
B 33 294 1
B 33 302 1
B 33 306 1
B 33 307 1
B 33 318 1
B 33 322 1
B 33 327 3
B 33 332 1
B 33 339 1
B 33 341 1
B 33 347 1
B 33 359 1
B 33 363 1
B 33 378 1
B 33 381 1
B 33 389 3
B 33 400 2
B 33 404 1
B 33 413 1
B 33 417 2
B 33 419 1
B 33 424 2
B 33 437 1
B 33 438 1
B 33 440 2
B 33 445 1
B 33 450 1
B 33 455 1
B 33 471 1
B 33 472 1
B 33 476 1
B 33 484 1
B 33 487 1
B 33 506 1
B 33 512 2
B 33 522 1
B 33 526 1
B 33 541 2
P 34 0.020
B 34 9 1
B 34 18 1
B 34 19 1
B 34 22 1
B 34 24 1
B 34 27 1
B 34 33 1
B 34 35 2
B 34 44 1
B 34 47 1
B 34 54 1
B 34 60 1
B 34 61 1
B 34 71 2
B 34 73 1
B 34 74 2
B 34 76 1
B 34 80 1
B 34 83 2
B 34 85 1
B 34 88 1
B 34 89 1
B 34 93 3
B 34 97 1
B 34 100 2
B 34 102 1
B 34 104 1
B 34 123 1
B 34 127 1
B 34 134 2
B 34 135 1
B 34 136 2
B 34 138 1
B 34 139 1
B 34 142 1
B 34 144 1
B 34 145 1
B 34 154 3
B 34 160 2
B 34 177 2
B 34 185 1
B 34 187 1
B 34 188 2
B 34 198 1
B 34 207 1
B 34 211 1
B 34 216 1
B 34 228 2
B 34 239 1
B 34 254 2
B 34 262 1
B 34 272 1
B 34 276 1
B 34 280 2
B 34 285 1
B 34 287 1
B 34 293 1
B 34 313 1
B 34 314 1
B 34 361 1
B 34 368 1
B 34 384 2
B 34 395 2
B 34 396 2
B 34 412 1
B 34 438 1
B 34 459 1
B 34 469 1
B 34 472 1
B 34 480 1
B 34 484 1
B 34 495 1
B 34 503 1
B 34 525 1
B 34 533 1
B 34 545 1
P 35 0.020
B 35 8 1
B 35 12 2
B 35 18 1
B 35 26 1
B 35 32 1
B 35 33 1
B 35 41 1
B 35 46 1
B 35 49 1
B 35 52 1
B 35 54 1
B 35 61 2
B 35 66 1
B 35 67 3
B 35 68 1
B 35 70 2
B 35 75 1
B 35 81 1
B 35 82 2
B 35 85 1
B 35 95 1
B 35 110 1
B 35 116 2
B 35 119 1
B 35 121 1
B 35 123 1
B 35 125 1
B 35 133 1
B 35 136 1
B 35 139 1
B 35 153 1
B 35 163 2
B 35 172 1
B 35 174 1
B 35 177 1
B 35 186 1
B 35 198 1
B 35 203 1
B 35 204 1
B 35 218 1
B 35 222 1
B 35 224 2
B 35 239 1
B 35 244 1
B 35 249 1
B 35 254 1
B 35 255 1
B 35 259 1
B 35 266 1
B 35 276 1
B 35 285 1
B 35 298 1
B 35 303 2
B 35 304 1
B 35 309 2
B 35 314 2
B 35 320 2
B 35 325 2
B 35 327 2
B 35 341 1
B 35 344 1
B 35 345 1
B 35 361 4
B 35 364 2
B 35 370 1
B 35 386 2
B 35 394 1
B 35 408 2
B 35 418 1
B 35 451 1
B 35 512 2
B 35 541 1
P 36 0.020
B 36 7 4
B 36 8 3
B 36 17 1
B 36 18 1
B 36 38 1
B 36 41 2
B 36 42 1
B 36 43 1
B 36 45 2
B 36 54 2
B 36 55 1
B 36 57 2
B 36 61 2
B 36 62 2
B 36 68 1
B 36 73 2
B 36 76 1
B 36 79 1
B 36 80 1
B 36 87 2
B 36 108 1
B 36 122 1
B 36 126 1
B 36 129 1
B 36 130 3
B 36 133 2
B 36 138 2
B 36 141 2
B 36 148 1
B 36 155 1
B 36 159 1
B 36 161 1
B 36 163 2
B 36 175 2
B 36 176 1
B 36 178 1
B 36 184 1
B 36 185 1
B 36 186 1
B 36 202 1
B 36 209 2
B 36 213 1
B 36 214 1
B 36 218 2
B 36 219 2
B 36 225 1
B 36 227 1
B 36 230 1
B 36 234 1
B 36 241 4
B 36 242 2
B 36 243 1
B 36 244 1
B 36 245 1
B 36 249 1
B 36 250 3
B 36 251 1
B 36 253 1
B 36 258 1
B 36 259 1
B 36 262 1
B 36 278 1
B 36 282 1
B 36 287 1
B 36 297 1
B 36 306 2
B 36 309 1
B 36 315 1
B 36 324 1
B 36 337 1
B 36 341 2
B 36 343 2
B 36 349 1
B 36 354 1
B 36 355 1
B 36 374 1
B 36 382 1
B 36 385 1
B 36 386 2
B 36 388 2
B 36 391 2
B 36 401 1
B 36 418 1
B 36 420 1
B 36 429 1
B 36 438 2
B 36 440 2
B 36 493 1
B 36 495 1
B 36 501 2
B 36 502 2
B 36 507 1
B 36 512 1
B 36 521 1
B 36 540 1
P 37 0.020
B 37 17 1
B 37 24 1
B 37 29 2
B 37 36 1
B 37 38 1
B 37 46 2
B 37 50 1
B 37 52 1
B 37 53 2
B 37 71 1
B 37 73 1
B 37 79 1
B 37 85 1
B 37 88 1
B 37 105 2
B 37 115 1
B 37 119 2
B 37 122 2
B 37 133 3
B 37 135 2
B 37 148 2
B 37 163 1
B 37 174 1
B 37 196 1
B 37 197 1
B 37 202 4
B 37 203 1
B 37 207 2
B 37 210 1
B 37 212 1
B 37 213 1
B 37 219 1
B 37 228 1
B 37 241 1
B 37 262 1
B 37 264 1
B 37 267 2
B 37 278 1
B 37 279 1
B 37 288 1
B 37 291 1
B 37 298 1
B 37 304 1
B 37 331 1
B 37 356 1
B 37 359 1
B 37 378 1
B 37 400 1
B 37 411 1
B 37 434 1
B 37 437 1
B 37 438 2
B 37 450 1
B 37 451 4
B 37 462 1
B 37 470 1
B 37 495 2
B 37 501 1
B 37 507 1
B 37 534 1
P 38 0.020
B 38 9 2
B 38 18 1
B 38 24 2
B 38 35 1
B 38 37 2
B 38 41 1
B 38 46 1
B 38 49 1
B 38 60 1
B 38 68 1
B 38 69 2
B 38 78 1
B 38 82 1
B 38 84 3
B 38 88 1
B 38 93 1
B 38 94 1
B 38 95 1
B 38 99 1
B 38 110 1
B 38 119 1
B 38 121 3
B 38 125 1
B 38 136 1
B 38 137 1
B 38 148 1
B 38 155 3
B 38 157 1
B 38 158 2
B 38 179 4
B 38 187 2
B 38 188 1
B 38 204 1
B 38 205 1
B 38 206 1
B 38 208 2
B 38 210 1
B 38 213 1
B 38 216 1
B 38 217 2
B 38 221 1
B 38 225 1
B 38 230 1
B 38 240 1
B 38 250 1
B 38 253 1
B 38 259 1
B 38 261 1
B 38 267 2
B 38 278 1
B 38 290 1
B 38 294 1
B 38 298 3
B 38 300 1
B 38 305 2
B 38 318 2
B 38 321 1
B 38 323 2
B 38 326 1
B 38 337 1
B 38 340 1
B 38 355 1
B 38 389 1
B 38 404 2
B 38 410 1
B 38 422 2
B 38 423 1
B 38 427 1
B 38 438 2
B 38 440 1
B 38 450 1
B 38 451 2
B 38 454 1
B 38 460 1
B 38 466 1
B 38 470 2
B 38 500 1
B 38 506 1
B 38 512 1
B 38 525 2
B 38 535 1
B 38 538 1
P 39 0.020
B 39 8 2
B 39 16 1
B 39 18 2
B 39 22 1
B 39 27 1
B 39 46 1
B 39 47 1
B 39 57 2
B 39 61 1
B 39 66 1
B 39 82 1
B 39 83 1
B 39 91 2
B 39 94 1
B 39 101 1
B 39 105 1
B 39 114 2
B 39 118 1
B 39 121 1
B 39 123 1
B 39 126 1
B 39 138 1
B 39 141 1
B 39 144 1
B 39 148 1
B 39 153 2
B 39 154 1
B 39 158 1
B 39 159 3
B 39 173 1
B 39 177 1
B 39 179 2
B 39 184 1
B 39 186 1
B 39 187 1
B 39 188 1
B 39 191 1
B 39 193 1
B 39 195 1
B 39 197 1
B 39 198 3
B 39 202 1
B 39 204 1
B 39 216 1
B 39 219 1
B 39 240 1
B 39 246 1
B 39 247 1
B 39 249 1
B 39 251 1
B 39 258 2
B 39 261 1
B 39 280 1
B 39 281 2
B 39 282 1
B 39 289 2
B 39 294 2
B 39 325 1
B 39 328 2
B 39 337 3
B 39 339 2
B 39 343 2
B 39 345 1
B 39 352 1
B 39 353 2
B 39 383 1
B 39 385 1
B 39 401 1
B 39 403 1
B 39 423 1
B 39 447 1
B 39 449 2
B 39 459 1
B 39 462 1
B 39 472 2
B 39 476 1
P 40 0.020
B 40 7 1
B 40 15 1
B 40 16 1
B 40 17 1
B 40 22 1
B 40 27 1
B 40 33 1
B 40 44 1
B 40 67 1
B 40 69 2
B 40 76 1
B 40 77 1
B 40 80 1
B 40 91 1
B 40 97 2
B 40 99 4
B 40 119 2
B 40 121 1
B 40 123 3
B 40 128 1
B 40 133 4
B 40 136 2
B 40 144 1
B 40 145 1
B 40 151 2
B 40 153 1
B 40 154 2
B 40 179 1
B 40 181 1
B 40 183 1
B 40 212 1
B 40 213 1
B 40 219 1
B 40 221 1
B 40 227 1
B 40 237 1
B 40 239 1
B 40 243 1
B 40 244 1
B 40 262 1
B 40 267 2
B 40 270 1
B 40 275 1
B 40 280 1
B 40 286 1
B 40 291 2
B 40 294 1
B 40 307 1
B 40 316 1
B 40 318 1
B 40 339 1
B 40 341 1
B 40 348 2
B 40 370 1
B 40 375 1
B 40 379 1
B 40 382 1
B 40 408 1
B 40 410 1
B 40 528 1
B 40 541 3
B 40 543 2
P 41 0.020
B 41 5 1
B 41 19 1
B 41 20 1
B 41 24 3
B 41 28 1
B 41 29 1
B 41 33 1
B 41 52 1
B 41 62 3
B 41 71 2
B 41 78 1
B 41 79 1
B 41 84 1
B 41 90 1
B 41 98 1
B 41 103 1
B 41 121 2
B 41 127 1
B 41 128 1
B 41 130 1
B 41 135 1
B 41 136 1
B 41 137 2
B 41 151 2
B 41 160 1
B 41 161 2
B 41 163 1
B 41 181 1
B 41 182 1
B 41 195 1
B 41 196 1
B 41 198 1
B 41 205 2
B 41 206 1
B 41 207 1
B 41 208 2
B 41 211 1
B 41 216 1
B 41 218 2
B 41 219 2
B 41 221 1
B 41 229 1
B 41 235 1
B 41 237 1
B 41 239 1
B 41 246 1
B 41 251 1
B 41 254 2
B 41 255 1
B 41 260 1
B 41 266 1
B 41 288 1
B 41 306 1
B 41 308 2
B 41 309 3
B 41 326 1
B 41 350 1
B 41 352 3
B 41 353 1
B 41 378 2
B 41 379 1
B 41 382 1
B 41 388 1
B 41 416 1
B 41 438 1
B 41 439 2
B 41 440 2
B 41 442 2
B 41 450 1
B 41 460 1
B 41 487 1
P 42 0.020
B 42 8 1
B 42 17 2
B 42 21 1
B 42 22 1
B 42 24 1
B 42 50 1
B 42 54 2
B 42 70 1
B 42 72 1
B 42 84 2
B 42 91 1
B 42 96 1
B 42 100 1
B 42 102 1
B 42 106 1
B 42 108 1
B 42 109 1
B 42 111 1
B 42 119 1
B 42 133 2
B 42 140 2
B 42 153 1
B 42 176 2
B 42 181 2
B 42 184 1
B 42 186 2
B 42 195 1
B 42 197 1
B 42 202 2
B 42 211 2
B 42 213 1
B 42 221 1
B 42 255 1
B 42 258 1
B 42 279 1
B 42 280 2
B 42 294 1
B 42 323 1
B 42 327 1
B 42 328 1
B 42 332 1
B 42 339 1
B 42 341 1
B 42 381 1
B 42 387 1
B 42 388 3
B 42 401 2
B 42 403 2
B 42 404 1
B 42 426 1
B 42 432 1
B 42 438 2
B 42 472 2
B 42 486 1
B 42 501 2
B 42 504 1
B 42 507 1
B 42 517 1
B 42 530 1
B 42 541 1
P 43 0.020
B 43 17 2
B 43 22 1
B 43 24 1
B 43 36 1
B 43 51 1
B 43 53 1
B 43 54 2
B 43 55 1
B 43 62 3
B 43 68 1
B 43 69 2
B 43 70 1
B 43 75 2
B 43 80 2
B 43 82 1
B 43 83 1
B 43 89 1
B 43 90 1
B 43 92 2
B 43 100 2
B 43 104 1
B 43 105 1
B 43 132 2
B 43 138 2
B 43 144 1
B 43 163 2
B 43 179 2
B 43 193 1
B 43 195 1
B 43 196 1
B 43 204 2
B 43 206 2
B 43 209 1
B 43 221 1
B 43 233 1
B 43 244 1
B 43 251 1
B 43 256 1
B 43 258 2
B 43 259 4
B 43 275 1
B 43 276 1
B 43 278 1
B 43 282 1
B 43 283 1
B 43 284 2
B 43 299 2
B 43 307 2
B 43 319 1
B 43 322 1
B 43 354 2
B 43 355 1
B 43 363 1
B 43 382 2
B 43 383 1
B 43 389 2
B 43 404 1
B 43 416 2
B 43 420 1
B 43 438 1
B 43 450 1
B 43 470 1
B 43 473 2
B 43 477 1
B 43 479 2
B 43 484 1
B 43 501 2
B 43 512 2
B 43 520 1
B 43 538 1
P 44 0.020
B 44 9 1
B 44 50 1
B 44 64 1
B 44 69 1
B 44 84 2
B 44 89 2
B 44 90 2
B 44 92 1
B 44 93 1
B 44 94 1
B 44 105 1
B 44 120 2
B 44 125 1
B 44 129 1
B 44 137 1
B 44 151 1
B 44 163 1
B 44 177 2
B 44 179 1
B 44 183 1
B 44 186 1
B 44 188 2
B 44 194 2
B 44 197 1
B 44 198 1
B 44 203 2
B 44 205 1
B 44 207 4
B 44 214 1
B 44 221 1
B 44 224 1
B 44 231 1
B 44 236 3
B 44 237 1
B 44 249 1
B 44 254 1
B 44 256 2
B 44 258 1
B 44 260 1
B 44 277 2
B 44 278 1
B 44 280 1
B 44 284 1
B 44 287 1
B 44 289 1
B 44 294 3
B 44 307 1
B 44 318 4
B 44 319 1
B 44 325 1
B 44 326 1
B 44 328 1
B 44 341 1
B 44 344 1
B 44 355 1
B 44 359 1
B 44 370 2
B 44 373 2
B 44 383 1
B 44 389 1
B 44 393 1
B 44 410 1
B 44 432 1
B 44 457 2
B 44 462 1
B 44 521 2
P 45 0.020
B 45 7 1
B 45 11 1
B 45 18 2
B 45 36 2
B 45 37 2
B 45 44 1
B 45 46 3
B 45 52 1
B 45 57 1
B 45 62 2
B 45 65 1
B 45 67 1
B 45 70 1
B 45 75 2
B 45 85 2
B 45 93 1
B 45 95 1
B 45 98 1
B 45 100 1
B 45 106 1
B 45 112 1
B 45 119 1
B 45 123 1
B 45 130 1
B 45 133 1
B 45 138 1
B 45 153 1
B 45 155 1
B 45 161 1
B 45 163 1
B 45 176 1
B 45 179 2
B 45 183 1
B 45 192 1
B 45 194 1
B 45 207 1
B 45 210 1
B 45 211 2
B 45 213 1
B 45 215 2
B 45 216 1
B 45 220 1
B 45 232 1
B 45 234 2
B 45 235 1
B 45 236 1
B 45 237 1
B 45 243 1
B 45 244 2
B 45 245 3
B 45 246 3
B 45 256 1
B 45 259 1
B 45 269 1
B 45 277 2
B 45 294 1
B 45 295 1
B 45 299 1
B 45 309 1
B 45 321 2
B 45 328 1
B 45 331 1
B 45 332 1
B 45 333 1
B 45 344 2
B 45 353 1
B 45 358 1
B 45 359 2
B 45 363 1
B 45 380 2
B 45 383 1
B 45 409 1
B 45 470 2
B 45 474 2
B 45 476 3
B 45 493 1
B 45 501 1
B 45 516 1
B 45 522 1
P 46 0.020
B 46 5 1
B 46 16 1
B 46 17 1
B 46 24 1
B 46 33 1
B 46 36 1
B 46 38 3
B 46 42 3
B 46 45 1
B 46 49 2
B 46 51 2
B 46 52 1
B 46 60 2
B 46 61 2
B 46 64 1
B 46 70 2
B 46 76 2
B 46 78 1
B 46 92 1
B 46 94 1
B 46 115 1
B 46 119 1
B 46 123 1
B 46 127 1
B 46 133 2
B 46 140 1
B 46 142 3
B 46 144 1
B 46 153 2
B 46 158 1
B 46 193 1
B 46 198 1
B 46 202 2
B 46 203 2
B 46 204 2
B 46 208 1
B 46 215 1
B 46 221 1
B 46 234 1
B 46 239 1
B 46 241 1
B 46 246 1
B 46 252 1
B 46 255 1
B 46 271 1
B 46 276 1
B 46 280 1
B 46 290 1
B 46 292 1
B 46 297 2
B 46 303 1
B 46 305 1
B 46 311 1
B 46 318 2
B 46 322 1
B 46 328 1
B 46 331 1
B 46 338 1
B 46 354 1
B 46 400 2
B 46 408 1
B 46 414 1
B 46 419 2
B 46 437 1
B 46 438 1
B 46 450 1
B 46 470 1
B 46 471 1
B 46 482 1
B 46 489 1
B 46 533 1
P 47 0.020
B 47 46 2
B 47 56 1
B 47 57 1
B 47 64 1
B 47 72 1
B 47 83 1
B 47 86 1
B 47 88 1
B 47 90 2
B 47 97 2
B 47 99 1
B 47 103 1
B 47 114 1
B 47 119 1
B 47 137 1
B 47 155 1
B 47 161 2
B 47 179 1
B 47 183 1
B 47 192 1
B 47 193 1
B 47 194 1
B 47 195 1
B 47 196 1
B 47 202 2
B 47 207 1
B 47 211 1
B 47 218 3
B 47 223 1
B 47 226 1
B 47 228 1
B 47 235 1
B 47 242 1
B 47 243 1
B 47 244 1
B 47 249 2
B 47 256 1
B 47 282 2
B 47 295 1
B 47 310 1
B 47 313 2
B 47 318 1
B 47 321 1
B 47 326 2
B 47 328 1
B 47 333 1
B 47 354 2
B 47 356 2
B 47 357 1
B 47 359 1
B 47 370 2
B 47 376 1
B 47 379 2
B 47 385 1
B 47 388 1
B 47 403 1
B 47 417 1
B 47 420 1
B 47 421 2
B 47 426 1
B 47 429 1
B 47 453 1
B 47 463 1
B 47 470 2
B 47 485 1
B 47 502 1
B 47 504 1
P 48 0.020
B 48 21 1
B 48 24 1
B 48 29 1
B 48 41 1
B 48 42 1
B 48 47 1
B 48 67 1
B 48 70 2
B 48 71 1
B 48 78 3
B 48 87 2
B 48 90 1
B 48 92 1
B 48 99 1
B 48 100 2
B 48 101 1
B 48 125 1
B 48 129 2
B 48 130 1
B 48 138 1
B 48 155 1
B 48 160 3
B 48 179 2
B 48 183 1
B 48 186 1
B 48 188 1
B 48 194 3
B 48 206 1
B 48 213 1
B 48 216 1
B 48 221 1
B 48 230 1
B 48 242 1
B 48 243 1
B 48 247 2
B 48 250 2
B 48 266 1
B 48 275 2
B 48 290 1
B 48 292 1
B 48 299 1
B 48 306 2
B 48 310 2
B 48 313 2
B 48 318 1
B 48 331 2
B 48 345 2
B 48 346 1
B 48 389 1
B 48 391 1
B 48 411 2
B 48 420 1
B 48 444 1
B 48 457 2
B 48 470 1
B 48 495 1
B 48 502 2
B 48 503 1
B 48 544 1
P 49 0.020
B 49 45 1
B 49 46 1
B 49 50 2
B 49 54 1
B 49 55 1
B 49 57 1
B 49 67 1
B 49 70 1
B 49 72 1
B 49 73 1
B 49 85 1
B 49 89 2
B 49 91 1
B 49 104 1
B 49 109 1
B 49 118 1
B 49 120 1
B 49 121 2
B 49 122 2
B 49 126 1
B 49 131 1
B 49 134 2
B 49 137 1
B 49 140 2
B 49 156 1
B 49 158 1
B 49 159 1
B 49 160 1
B 49 161 2
B 49 174 2
B 49 178 1
B 49 179 1
B 49 187 1
B 49 188 1
B 49 190 1
B 49 192 4
B 49 200 1
B 49 203 1
B 49 210 1
B 49 214 1
B 49 215 2
B 49 218 1
B 49 227 1
B 49 233 1
B 49 251 1
B 49 254 1
B 49 255 1
B 49 259 1
B 49 278 1
B 49 279 1
B 49 280 2
B 49 283 1
B 49 286 1
B 49 287 1
B 49 293 1
B 49 295 1
B 49 297 1
B 49 304 1
B 49 305 1
B 49 312 1
B 49 320 1
B 49 326 1
B 49 341 2
B 49 355 1
B 49 366 1
B 49 371 1
B 49 379 1
B 49 380 2
B 49 386 2
B 49 392 1
B 49 394 1
B 49 422 1
B 49 424 1
B 49 427 1
B 49 438 2
B 49 440 1
B 49 442 1
B 49 444 2
B 49 449 2
B 49 482 1
B 49 529 2
B 49 536 1
B 49 538 1
