50
P 0 0.020
B 0 9 2
B 0 11 2
B 0 12 3
B 0 22 2
B 0 32 1
B 0 59 2
B 0 60 1
P 1 0.020
B 1 6 1
B 1 11 2
B 1 12 1
B 1 23 1
B 1 25 2
B 1 32 1
B 1 54 2
P 2 0.020
B 2 11 2
B 2 18 1
B 2 35 2
B 2 36 1
B 2 47 1
B 2 55 1
P 3 0.020
B 3 12 1
B 3 30 1
B 3 40 1
B 3 48 1
B 3 50 1
B 3 52 1
B 3 56 1
B 3 59 2
P 4 0.020
B 4 16 1
B 4 23 2
B 4 33 2
P 5 0.020
B 5 3 1
B 5 6 1
B 5 10 1
B 5 23 1
B 5 33 2
B 5 37 2
B 5 59 1
P 6 0.020
B 6 9 1
B 6 16 1
B 6 25 1
B 6 30 2
B 6 36 1
B 6 56 1
P 7 0.020
B 7 12 2
B 7 15 1
B 7 28 1
B 7 46 1
P 8 0.020
B 8 15 1
B 8 24 1
B 8 27 1
B 8 33 1
B 8 34 1
B 8 48 1
B 8 62 1
B 8 66 1
P 9 0.020
B 9 5 1
B 9 11 1
B 9 15 1
B 9 23 2
B 9 26 1
B 9 46 1
B 9 58 1
B 9 64 1
P 10 0.020
B 10 15 1
B 10 25 1
B 10 29 1
B 10 40 2
B 10 54 1
P 11 0.020
B 11 6 1
B 11 20 1
B 11 23 1
B 11 44 1
B 11 57 1
B 11 69 1
P 12 0.020
B 12 22 1
B 12 26 1
B 12 50 1
B 12 54 1
B 12 61 1
B 12 71 1
B 12 73 2
P 13 0.020
B 13 12 1
B 13 16 1
B 13 25 3
B 13 33 1
B 13 35 1
B 13 38 1
B 13 49 1
B 13 56 1
B 13 64 1
B 13 70 1
P 14 0.020
B 14 8 1
B 14 11 1
B 14 17 1
B 14 21 1
B 14 35 1
B 14 41 1
B 14 59 1
P 15 0.020
B 15 3 1
B 15 35 1
P 16 0.020
B 16 21 1
B 16 25 1
B 16 38 2
B 16 49 1
B 16 51 1
B 16 53 1
B 16 66 1
P 17 0.020
B 17 12 1
B 17 15 2
B 17 16 1
B 17 25 1
B 17 47 1
B 17 61 1
B 17 65 2
P 18 0.020
B 18 0 1
B 18 23 2
B 18 25 4
B 18 35 2
P 19 0.020
B 19 16 1
B 19 21 1
B 19 22 1
B 19 31 2
B 19 59 1
B 19 70 1
P 20 0.020
B 20 3 1
B 20 6 1
B 20 10 1
B 20 12 1
B 20 33 1
B 20 37 2
B 20 40 1
B 20 44 2
B 20 50 1
B 20 58 1
B 20 62 1
B 20 68 1
P 21 0.020
B 21 33 1
B 21 34 3
B 21 35 1
B 21 38 2
B 21 41 1
B 21 46 1
B 21 48 1
B 21 54 2
B 21 56 3
P 22 0.020
B 22 5 2
B 22 9 1
B 22 10 1
B 22 12 1
B 22 21 1
B 22 28 1
B 22 31 1
B 22 33 2
B 22 41 1
B 22 46 2
B 22 52 2
B 22 53 2
B 22 73 2
P 23 0.020
B 23 10 2
B 23 11 1
B 23 16 2
B 23 21 1
B 23 22 3
B 23 40 2
B 23 47 1
B 23 50 1
B 23 57 1
B 23 62 2
P 24 0.020
B 24 11 1
B 24 15 1
B 24 22 1
B 24 27 1
B 24 29 1
B 24 51 1
B 24 58 1
B 24 61 2
P 25 0.020
B 25 1 1
B 25 23 2
B 25 29 1
B 25 30 1
B 25 46 2
B 25 49 1
B 25 56 1
B 25 60 2
B 25 65 2
P 26 0.020
B 26 0 2
B 26 5 1
B 26 7 1
B 26 8 1
B 26 12 1
B 26 15 2
B 26 19 1
B 26 31 2
B 26 33 1
B 26 46 1
B 26 48 1
B 26 52 1
B 26 60 1
P 27 0.020
B 27 10 1
B 27 15 1
B 27 35 1
B 27 59 2
B 27 66 2
P 28 0.020
B 28 10 1
B 28 35 1
B 28 46 1
B 28 48 1
B 28 51 2
B 28 52 2
B 28 54 1
B 28 57 1
B 28 59 1
P 29 0.020
B 29 7 1
B 29 11 1
B 29 12 2
B 29 15 1
B 29 21 1
B 29 22 1
B 29 23 1
B 29 32 1
B 29 60 1
B 29 69 2
P 30 0.020
B 30 11 1
B 30 30 2
B 30 40 1
B 30 43 2
B 30 57 1
B 30 58 1
B 30 62 1
P 31 0.020
B 31 10 1
B 31 16 1
B 31 22 1
B 31 44 1
B 31 49 1
B 31 50 1
B 31 56 1
P 32 0.020
B 32 12 1
B 32 21 1
B 32 31 1
B 32 39 1
B 32 44 1
B 32 56 1
B 32 70 1
P 33 0.020
B 33 11 1
B 33 12 1
B 33 18 1
B 33 24 1
B 33 33 2
B 33 45 1
B 33 46 2
B 33 53 1
B 33 54 1
B 33 69 1
P 34 0.020
B 34 7 1
B 34 8 1
B 34 11 1
B 34 12 1
B 34 28 1
B 34 46 2
B 34 56 1
B 34 61 1
B 34 66 1
P 35 0.020
B 35 15 2
B 35 18 2
B 35 21 1
B 35 25 4
B 35 29 1
B 35 33 1
B 35 36 1
B 35 46 2
B 35 53 1
B 35 56 1
P 36 0.020
B 36 17 1
B 36 30 1
B 36 35 1
B 36 46 2
B 36 52 1
B 36 62 1
P 37 0.020
B 37 5 1
B 37 7 2
B 37 12 1
B 37 15 1
B 37 25 1
B 37 31 1
B 37 33 1
B 37 35 1
B 37 46 2
B 37 70 2
P 38 0.020
B 38 5 1
B 38 11 1
B 38 12 1
B 38 16 1
B 38 21 1
B 38 22 2
B 38 30 2
B 38 33 1
B 38 35 1
B 38 36 1
B 38 44 1
B 38 46 1
B 38 52 1
B 38 61 1
P 39 0.020
B 39 1 1
B 39 7 2
B 39 23 1
B 39 32 2
B 39 40 1
B 39 47 1
B 39 52 1
B 39 53 1
B 39 56 1
B 39 59 1
P 40 0.020
B 40 10 1
B 40 15 1
B 40 21 4
B 40 22 1
B 40 23 1
B 40 31 1
B 40 44 1
B 40 47 1
B 40 50 1
B 40 57 3
P 41 0.020
B 41 12 1
B 41 23 1
B 41 31 1
B 41 33 1
B 41 37 2
P 42 0.020
B 42 12 1
B 42 15 1
B 42 16 1
B 42 33 3
B 42 40 1
P 43 0.020
B 43 12 2
B 43 15 2
B 43 25 1
B 43 31 1
B 43 34 1
B 43 35 1
B 43 44 1
B 43 46 1
B 43 54 1
B 43 56 1
B 43 58 1
B 43 61 1
B 43 65 1
P 44 0.020
B 44 11 2
B 44 12 1
B 44 17 2
B 44 22 1
B 44 23 1
B 44 26 2
B 44 35 1
B 44 37 1
B 44 40 1
B 44 41 2
B 44 54 2
B 44 61 2
P 45 0.020
B 45 6 2
B 45 12 3
B 45 15 1
B 45 33 2
B 45 50 1
B 45 53 2
B 45 54 1
B 45 65 1
P 46 0.020
B 46 7 1
B 46 22 1
B 46 23 1
B 46 40 1
B 46 54 1
B 46 61 1
P 47 0.020
B 47 15 3
B 47 25 1
B 47 35 1
B 47 55 2
B 47 59 1
P 48 0.020
B 48 33 1
B 48 35 1
B 48 61 2
P 49 0.020
B 49 15 2
B 49 16 1
B 49 22 1
B 49 28 1
B 49 72 1
