50
P 0 0.020
B 0 17 2
B 0 19 2
B 0 21 1
B 0 29 1
B 0 38 2
B 0 41 1
B 0 49 1
B 0 50 1
B 0 52 1
B 0 53 2
B 0 55 1
B 0 56 2
B 0 67 1
B 0 68 1
B 0 70 2
B 0 76 1
B 0 78 1
B 0 79 3
B 0 85 2
B 0 96 1
B 0 111 1
B 0 114 2
B 0 119 1
B 0 123 2
B 0 125 1
B 0 128 1
B 0 132 1
B 0 136 1
B 0 141 1
B 0 142 1
B 0 152 2
B 0 160 2
B 0 167 1
B 0 176 1
B 0 178 1
B 0 186 2
B 0 190 1
B 0 195 2
B 0 196 1
B 0 197 1
B 0 200 2
B 0 203 2
B 0 205 2
B 0 215 2
B 0 217 1
B 0 227 1
B 0 234 1
B 0 237 1
B 0 239 1
B 0 243 1
B 0 250 1
B 0 253 3
B 0 255 2
B 0 257 1
B 0 258 2
B 0 263 1
B 0 268 1
B 0 273 2
B 0 278 1
B 0 283 1
B 0 285 1
B 0 286 1
B 0 290 1
B 0 292 1
B 0 293 1
B 0 294 1
B 0 301 1
B 0 306 1
B 0 332 2
B 0 350 1
B 0 354 1
B 0 373 1
B 0 377 1
B 0 394 1
B 0 417 1
B 0 418 1
B 0 422 1
B 0 434 1
B 0 454 2
B 0 460 1
B 0 464 1
B 0 474 1
B 0 487 1
B 0 500 2
B 0 516 1
B 0 525 1
B 0 527 1
B 0 529 1
B 0 545 1
P 1 0.020
B 1 5 1
B 1 27 2
B 1 36 1
B 1 38 1
B 1 46 3
B 1 67 1
B 1 69 1
B 1 70 1
B 1 74 1
B 1 76 1
B 1 77 1
B 1 85 1
B 1 86 1
B 1 92 2
B 1 103 4
B 1 115 1
B 1 122 2
B 1 125 1
B 1 128 1
B 1 133 2
B 1 140 1
B 1 142 1
B 1 145 2
B 1 153 1
B 1 157 3
B 1 159 1
B 1 177 1
B 1 179 1
B 1 181 1
B 1 188 3
B 1 190 2
B 1 191 1
B 1 192 1
B 1 195 1
B 1 204 1
B 1 207 1
B 1 210 2
B 1 217 1
B 1 221 2
B 1 222 1
B 1 230 1
B 1 234 1
B 1 236 1
B 1 239 2
B 1 241 1
B 1 245 2
B 1 249 2
B 1 253 1
B 1 255 3
B 1 262 1
B 1 270 1
B 1 272 2
B 1 277 1
B 1 278 1
B 1 280 2
B 1 285 2
B 1 290 2
B 1 294 1
B 1 299 2
B 1 301 4
B 1 303 5
B 1 306 1
B 1 311 1
B 1 313 1
B 1 315 1
B 1 328 2
B 1 337 1
B 1 341 1
B 1 343 1
B 1 353 2
B 1 359 1
B 1 361 2
B 1 363 1
B 1 381 1
B 1 386 1
B 1 404 3
B 1 408 2
B 1 409 2
B 1 410 2
B 1 420 1
B 1 421 1
B 1 427 3
B 1 428 2
B 1 429 2
B 1 438 1
B 1 450 2
B 1 454 2
B 1 467 1
B 1 469 1
B 1 470 1
B 1 472 1
B 1 473 1
B 1 485 1
B 1 489 1
B 1 496 2
B 1 502 1
B 1 507 1
B 1 523 1
B 1 537 1
B 1 541 1
P 2 0.020
B 2 5 2
B 2 8 2
B 2 10 1
B 2 18 2
B 2 22 1
B 2 24 1
B 2 31 1
B 2 34 1
B 2 36 1
B 2 41 1
B 2 45 2
B 2 50 2
B 2 53 1
B 2 54 2
B 2 57 1
B 2 60 1
B 2 72 1
B 2 78 2
B 2 84 5
B 2 85 1
B 2 86 1
B 2 90 1
B 2 97 2
B 2 100 1
B 2 101 1
B 2 107 1
B 2 111 1
B 2 114 2
B 2 123 3
B 2 127 2
B 2 133 2
B 2 137 1
B 2 142 1
B 2 149 2
B 2 154 1
B 2 155 1
B 2 166 1
B 2 176 1
B 2 178 1
B 2 181 1
B 2 184 1
B 2 192 1
B 2 202 3
B 2 203 1
B 2 207 1
B 2 210 1
B 2 224 1
B 2 234 3
B 2 246 1
B 2 250 1
B 2 255 2
B 2 256 1
B 2 258 1
B 2 261 1
B 2 263 2
B 2 272 1
B 2 278 1
B 2 286 1
B 2 290 1
B 2 294 1
B 2 296 2
B 2 298 1
B 2 303 2
B 2 321 1
B 2 325 1
B 2 345 1
B 2 353 1
B 2 355 2
B 2 359 1
B 2 361 1
B 2 373 1
B 2 408 1
B 2 410 1
B 2 420 1
B 2 427 1
B 2 434 1
B 2 440 1
B 2 450 1
B 2 457 1
B 2 461 2
B 2 481 1
B 2 496 1
B 2 501 1
B 2 525 1
B 2 538 2
P 3 0.020
B 3 8 2
B 3 16 2
B 3 17 1
B 3 18 1
B 3 24 1
B 3 26 1
B 3 32 1
B 3 38 1
B 3 41 1
B 3 46 1
B 3 50 1
B 3 57 1
B 3 60 1
B 3 61 1
B 3 62 2
B 3 63 1
B 3 68 1
B 3 72 1
B 3 75 1
B 3 81 2
B 3 87 1
B 3 90 2
B 3 103 2
B 3 114 1
B 3 122 1
B 3 126 2
B 3 130 1
B 3 135 2
B 3 136 1
B 3 137 1
B 3 140 1
B 3 144 2
B 3 152 1
B 3 153 2
B 3 156 1
B 3 161 1
B 3 176 1
B 3 178 1
B 3 188 3
B 3 191 1
B 3 195 1
B 3 205 3
B 3 207 2
B 3 219 1
B 3 227 2
B 3 236 1
B 3 239 1
B 3 240 1
B 3 244 1
B 3 247 1
B 3 250 1
B 3 254 1
B 3 257 1
B 3 261 2
B 3 269 1
B 3 276 1
B 3 277 1
B 3 280 1
B 3 283 1
B 3 292 1
B 3 295 1
B 3 300 1
B 3 303 2
B 3 307 1
B 3 318 1
B 3 332 1
B 3 348 1
B 3 353 1
B 3 354 1
B 3 358 2
B 3 362 1
B 3 370 1
B 3 382 1
B 3 394 1
B 3 407 1
B 3 426 1
B 3 432 1
B 3 440 1
B 3 442 1
B 3 451 1
B 3 489 1
B 3 493 1
B 3 494 2
B 3 517 1
B 3 521 1
B 3 525 1
P 4 0.020
B 4 1 1
B 4 6 2
B 4 10 1
B 4 15 1
B 4 17 1
B 4 21 1
B 4 22 1
B 4 28 1
B 4 41 1
B 4 47 1
B 4 51 2
B 4 53 1
B 4 60 1
B 4 61 1
B 4 72 2
B 4 73 1
B 4 75 1
B 4 82 1
B 4 87 1
B 4 97 1
B 4 114 1
B 4 119 2
B 4 124 1
B 4 128 1
B 4 136 1
B 4 149 1
B 4 153 1
B 4 154 1
B 4 155 1
B 4 159 2
B 4 161 1
B 4 163 2
B 4 172 2
B 4 178 1
B 4 179 1
B 4 181 2
B 4 183 1
B 4 186 1
B 4 188 1
B 4 190 1
B 4 194 1
B 4 200 1
B 4 205 2
B 4 210 1
B 4 212 1
B 4 214 1
B 4 220 1
B 4 225 1
B 4 227 1
B 4 228 1
B 4 234 3
B 4 239 1
B 4 241 1
B 4 244 1
B 4 252 2
B 4 255 1
B 4 256 1
B 4 257 2
B 4 258 2
B 4 259 1
B 4 262 2
B 4 269 1
B 4 282 1
B 4 287 1
B 4 294 2
B 4 303 1
B 4 314 1
B 4 315 1
B 4 316 1
B 4 317 2
B 4 318 1
B 4 324 1
B 4 327 1
B 4 341 2
B 4 343 1
B 4 348 1
B 4 352 2
B 4 358 1
B 4 361 1
B 4 373 1
B 4 382 1
B 4 401 1
B 4 417 4
B 4 432 1
B 4 437 1
B 4 438 2
B 4 449 1
B 4 451 2
B 4 476 1
B 4 478 1
B 4 484 1
B 4 495 1
B 4 501 2
B 4 512 1
B 4 522 1
B 4 545 1
P 5 0.020
B 5 1 1
B 5 7 1
B 5 12 1
B 5 18 1
B 5 19 1
B 5 22 1
B 5 38 2
B 5 39 2
B 5 45 1
B 5 46 1
B 5 49 1
B 5 50 1
B 5 52 2
B 5 57 1
B 5 68 1
B 5 69 1
B 5 71 1
B 5 73 1
B 5 75 1
B 5 76 2
B 5 77 1
B 5 79 1
B 5 84 1
B 5 85 1
B 5 87 2
B 5 92 1
B 5 100 1
B 5 130 1
B 5 133 2
B 5 134 1
B 5 147 1
B 5 154 1
B 5 158 1
B 5 159 1
B 5 168 1
B 5 181 3
B 5 183 3
B 5 186 1
B 5 187 2
B 5 191 1
B 5 202 2
B 5 208 2
B 5 212 3
B 5 213 1
B 5 218 1
B 5 222 1
B 5 224 1
B 5 237 1
B 5 246 1
B 5 249 1
B 5 252 2
B 5 255 2
B 5 257 1
B 5 258 1
B 5 267 1
B 5 277 1
B 5 304 1
B 5 311 2
B 5 312 1
B 5 320 1
B 5 323 1
B 5 324 1
B 5 325 1
B 5 328 1
B 5 331 2
B 5 343 1
B 5 349 1
B 5 350 1
B 5 360 1
B 5 366 1
B 5 373 1
B 5 379 1
B 5 394 1
B 5 400 1
B 5 409 1
B 5 423 1
B 5 450 1
B 5 451 1
B 5 458 1
B 5 461 1
B 5 462 1
B 5 474 1
B 5 477 1
B 5 482 1
B 5 485 1
B 5 486 1
B 5 494 1
B 5 500 3
B 5 525 1
B 5 530 1
B 5 541 2
P 6 0.020
B 6 15 2
B 6 18 1
B 6 21 1
B 6 25 1
B 6 28 1
B 6 29 1
B 6 33 1
B 6 34 1
B 6 46 1
B 6 52 1
B 6 53 1
B 6 54 1
B 6 57 1
B 6 62 2
B 6 64 1
B 6 68 1
B 6 69 1
B 6 76 1
B 6 81 2
B 6 82 1
B 6 87 1
B 6 89 1
B 6 90 1
B 6 91 2
B 6 108 3
B 6 116 1
B 6 124 2
B 6 125 2
B 6 128 2
B 6 132 1
B 6 137 1
B 6 158 1
B 6 168 1
B 6 177 2
B 6 183 1
B 6 188 1
B 6 191 1
B 6 202 1
B 6 219 2
B 6 225 2
B 6 234 1
B 6 240 1
B 6 250 1
B 6 255 1
B 6 261 1
B 6 266 2
B 6 277 1
B 6 279 3
B 6 280 2
B 6 286 2
B 6 288 1
B 6 293 2
B 6 300 1
B 6 305 1
B 6 306 2
B 6 309 1
B 6 310 1
B 6 341 2
B 6 352 1
B 6 382 1
B 6 383 4
B 6 384 1
B 6 391 1
B 6 394 1
B 6 408 1
B 6 419 1
B 6 429 1
B 6 438 2
B 6 442 2
B 6 451 1
B 6 457 1
B 6 474 1
B 6 478 1
B 6 494 1
B 6 521 1
P 7 0.020
B 7 0 1
B 7 8 2
B 7 9 1
B 7 18 1
B 7 24 1
B 7 28 1
B 7 29 1
B 7 38 1
B 7 43 2
B 7 53 1
B 7 56 1
B 7 57 1
B 7 62 1
B 7 64 1
B 7 73 1
B 7 74 1
B 7 75 1
B 7 76 3
B 7 79 1
B 7 81 1
B 7 84 1
B 7 86 1
B 7 91 4
B 7 100 1
B 7 103 1
B 7 106 1
B 7 119 3
B 7 127 1
B 7 144 1
B 7 146 1
B 7 154 3
B 7 162 2
B 7 163 1
B 7 174 2
B 7 175 1
B 7 177 1
B 7 188 1
B 7 192 1
B 7 196 2
B 7 197 1
B 7 200 1
B 7 207 1
B 7 210 3
B 7 213 2
B 7 214 1
B 7 227 1
B 7 228 2
B 7 231 2
B 7 234 2
B 7 241 1
B 7 242 2
B 7 250 1
B 7 254 1
B 7 255 1
B 7 256 1
B 7 258 1
B 7 273 1
B 7 279 1
B 7 284 1
B 7 288 1
B 7 292 1
B 7 295 1
B 7 296 1
B 7 299 3
B 7 301 1
B 7 303 1
B 7 304 1
B 7 313 1
B 7 316 1
B 7 318 1
B 7 321 1
B 7 327 1
B 7 332 1
B 7 333 1
B 7 341 2
B 7 344 2
B 7 346 1
B 7 355 1
B 7 361 1
B 7 367 1
B 7 413 1
B 7 416 2
B 7 424 1
B 7 428 1
B 7 430 1
B 7 434 1
B 7 437 1
B 7 439 2
B 7 451 1
B 7 460 1
B 7 495 1
B 7 500 2
B 7 542 1
P 8 0.020
B 8 11 1
B 8 24 3
B 8 26 1
B 8 43 1
B 8 52 1
B 8 57 1
B 8 60 1
B 8 71 1
B 8 72 1
B 8 73 2
B 8 74 3
B 8 75 1
B 8 76 1
B 8 79 1
B 8 80 2
B 8 83 1
B 8 84 1
B 8 90 1
B 8 93 1
B 8 123 1
B 8 128 1
B 8 140 1
B 8 147 2
B 8 159 1
B 8 161 1
B 8 162 2
B 8 163 1
B 8 179 1
B 8 186 1
B 8 188 1
B 8 192 2
B 8 197 1
B 8 205 1
B 8 211 1
B 8 212 1
B 8 214 1
B 8 221 3
B 8 233 3
B 8 234 2
B 8 244 1
B 8 246 1
B 8 250 1
B 8 256 1
B 8 259 1
B 8 260 1
B 8 266 1
B 8 270 1
B 8 276 1
B 8 280 1
B 8 286 1
B 8 288 1
B 8 293 1
B 8 294 6
B 8 295 1
B 8 298 1
B 8 303 1
B 8 306 1
B 8 315 1
B 8 317 1
B 8 322 2
B 8 324 1
B 8 344 1
B 8 361 1
B 8 363 2
B 8 373 2
B 8 378 1
B 8 383 1
B 8 384 1
B 8 385 2
B 8 386 2
B 8 401 1
B 8 414 2
B 8 422 1
B 8 438 1
B 8 442 1
B 8 450 1
B 8 472 1
B 8 483 1
B 8 502 1
B 8 505 2
B 8 512 1
B 8 532 1
B 8 540 1
P 9 0.020
B 9 1 1
B 9 10 1
B 9 21 1
B 9 41 4
B 9 43 2
B 9 47 2
B 9 53 3
B 9 54 1
B 9 67 2
B 9 69 2
B 9 73 1
B 9 74 1
B 9 75 1
B 9 78 1
B 9 83 1
B 9 87 1
B 9 88 1
B 9 94 1
B 9 108 1
B 9 124 2
B 9 128 1
B 9 129 2
B 9 136 1
B 9 137 1
B 9 138 1
B 9 148 1
B 9 153 1
B 9 156 1
B 9 160 1
B 9 181 1
B 9 188 1
B 9 190 1
B 9 193 1
B 9 195 1
B 9 199 2
B 9 205 2
B 9 208 2
B 9 211 3
B 9 212 1
B 9 218 1
B 9 219 1
B 9 229 1
B 9 233 1
B 9 243 1
B 9 246 1
B 9 247 1
B 9 248 1
B 9 249 1
B 9 253 1
B 9 254 1
B 9 258 2
B 9 262 1
B 9 266 1
B 9 268 1
B 9 302 1
B 9 303 2
B 9 321 2
B 9 323 1
B 9 325 1
B 9 326 3
B 9 328 1
B 9 341 1
B 9 343 1
B 9 345 2
B 9 350 1
B 9 357 1
B 9 359 1
B 9 370 1
B 9 379 1
B 9 400 1
B 9 409 2
B 9 419 1
B 9 423 2
B 9 440 1
B 9 451 1
B 9 454 3
B 9 460 1
B 9 464 1
B 9 467 1
B 9 484 2
B 9 501 1
B 9 510 1
B 9 527 1
B 9 533 2
B 9 541 1
P 10 0.020
B 10 3 1
B 10 8 2
B 10 22 1
B 10 24 1
B 10 29 1
B 10 41 1
B 10 44 2
B 10 60 1
B 10 61 2
B 10 64 2
B 10 67 1
B 10 70 1
B 10 73 1
B 10 74 1
B 10 75 1
B 10 76 1
B 10 83 1
B 10 84 1
B 10 88 1
B 10 91 1
B 10 93 1
B 10 105 1
B 10 119 1
B 10 126 1
B 10 129 2
B 10 140 1
B 10 143 2
B 10 153 2
B 10 159 2
B 10 160 1
B 10 177 1
B 10 192 1
B 10 193 1
B 10 196 1
B 10 197 2
B 10 201 1
B 10 202 2
B 10 203 1
B 10 208 2
B 10 212 1
B 10 213 2
B 10 217 3
B 10 258 2
B 10 259 1
B 10 262 1
B 10 272 1
B 10 277 2
B 10 279 1
B 10 284 1
B 10 289 1
B 10 290 3
B 10 293 1
B 10 297 1
B 10 302 1
B 10 305 1
B 10 312 1
B 10 318 1
B 10 322 1
B 10 337 1
B 10 341 3
B 10 350 1
B 10 358 1
B 10 371 1
B 10 378 1
B 10 380 1
B 10 382 1
B 10 383 1
B 10 386 1
B 10 400 1
B 10 403 2
B 10 404 1
B 10 406 2
B 10 411 1
B 10 424 2
B 10 435 2
B 10 454 2
B 10 461 1
B 10 480 1
B 10 483 1
B 10 484 1
B 10 487 1
B 10 495 1
B 10 497 2
B 10 500 1
B 10 501 2
B 10 521 1
B 10 525 1
B 10 526 1
B 10 541 1
B 10 547 1
P 11 0.020
B 11 3 1
B 11 5 1
B 11 6 2
B 11 7 2
B 11 10 2
B 11 11 1
B 11 12 1
B 11 21 1
B 11 29 2
B 11 50 3
B 11 51 1
B 11 52 1
B 11 55 2
B 11 70 1
B 11 72 1
B 11 76 2
B 11 83 1
B 11 84 1
B 11 91 1
B 11 98 1
B 11 104 1
B 11 144 2
B 11 155 2
B 11 156 1
B 11 158 1
B 11 174 2
B 11 177 1
B 11 183 1
B 11 186 1
B 11 188 1
B 11 192 1
B 11 193 1
B 11 195 1
B 11 211 1
B 11 218 1
B 11 221 1
B 11 227 1
B 11 228 1
B 11 234 1
B 11 235 1
B 11 245 1
B 11 247 2
B 11 256 1
B 11 259 1
B 11 272 1
B 11 276 1
B 11 280 2
B 11 283 1
B 11 290 1
B 11 292 1
B 11 294 2
B 11 297 1
B 11 299 1
B 11 301 1
B 11 326 1
B 11 339 1
B 11 349 1
B 11 352 1
B 11 363 1
B 11 366 1
B 11 373 1
B 11 401 1
B 11 417 1
B 11 423 1
B 11 424 1
B 11 426 1
B 11 437 1
B 11 449 1
B 11 454 1
B 11 466 1
B 11 471 1
B 11 482 1
B 11 505 1
B 11 521 1
B 11 532 1
B 11 541 1
P 12 0.020
B 12 22 1
B 12 41 1
B 12 50 1
B 12 51 1
B 12 58 1
B 12 64 1
B 12 65 1
B 12 68 1
B 12 70 1
B 12 74 1
B 12 85 2
B 12 98 3
B 12 118 1
B 12 119 1
B 12 121 2
B 12 123 2
B 12 131 1
B 12 133 1
B 12 136 1
B 12 137 1
B 12 148 2
B 12 154 1
B 12 155 2
B 12 160 3
B 12 163 1
B 12 165 1
B 12 183 1
B 12 185 1
B 12 186 4
B 12 192 1
B 12 193 1
B 12 196 1
B 12 198 1
B 12 201 1
B 12 207 3
B 12 214 2
B 12 217 1
B 12 221 1
B 12 224 2
B 12 227 1
B 12 246 1
B 12 250 1
B 12 251 4
B 12 255 2
B 12 266 1
B 12 280 1
B 12 281 1
B 12 286 1
B 12 291 1
B 12 294 2
B 12 299 1
B 12 300 2
B 12 301 1
B 12 302 1
B 12 305 1
B 12 309 1
B 12 316 2
B 12 318 1
B 12 353 1
B 12 357 1
B 12 365 1
B 12 373 1
B 12 378 1
B 12 380 1
B 12 387 1
B 12 389 1
B 12 400 1
B 12 401 2
B 12 417 1
B 12 418 1
B 12 437 1
B 12 438 1
B 12 450 2
B 12 454 1
B 12 470 1
B 12 482 1
B 12 490 1
B 12 496 1
B 12 500 1
B 12 548 1
P 13 0.020
B 13 19 2
B 13 21 2
B 13 27 1
B 13 29 1
B 13 34 2
B 13 41 1
B 13 42 1
B 13 43 1
B 13 45 1
B 13 46 1
B 13 49 1
B 13 54 2
B 13 69 1
B 13 72 1
B 13 74 1
B 13 76 2
B 13 77 3
B 13 83 1
B 13 89 1
B 13 90 2
B 13 97 1
B 13 98 1
B 13 101 2
B 13 113 1
B 13 121 2
B 13 123 1
B 13 130 2
B 13 135 1
B 13 144 2
B 13 149 1
B 13 176 1
B 13 183 1
B 13 188 1
B 13 193 2
B 13 199 2
B 13 203 2
B 13 206 1
B 13 218 3
B 13 222 1
B 13 224 1
B 13 234 1
B 13 236 2
B 13 238 1
B 13 252 2
B 13 261 1
B 13 262 2
B 13 272 1
B 13 275 1
B 13 279 2
B 13 292 1
B 13 294 1
B 13 298 1
B 13 306 1
B 13 309 1
B 13 313 1
B 13 316 1
B 13 317 1
B 13 319 2
B 13 325 1
B 13 340 2
B 13 355 1
B 13 364 1
B 13 371 1
B 13 375 1
B 13 377 1
B 13 382 1
B 13 401 2
B 13 404 1
B 13 420 2
B 13 440 2
B 13 449 1
B 13 457 1
B 13 472 1
B 13 512 1
B 13 525 1
B 13 541 2
P 14 0.020
B 14 21 1
B 14 22 1
B 14 29 1
B 14 38 2
B 14 47 1
B 14 49 1
B 14 51 2
B 14 53 1
B 14 57 1
B 14 64 3
B 14 70 3
B 14 72 2
B 14 73 1
B 14 74 1
B 14 77 1
B 14 85 2
B 14 90 2
B 14 92 1
B 14 97 1
B 14 101 1
B 14 104 1
B 14 115 2
B 14 121 2
B 14 122 1
B 14 123 1
B 14 125 2
B 14 127 1
B 14 129 2
B 14 137 2
B 14 144 1
B 14 145 2
B 14 150 1
B 14 151 1
B 14 153 3
B 14 159 1
B 14 163 1
B 14 176 1
B 14 178 1
B 14 186 1
B 14 195 2
B 14 198 1
B 14 199 1
B 14 200 2
B 14 204 1
B 14 209 1
B 14 213 1
B 14 214 1
B 14 226 1
B 14 227 1
B 14 234 1
B 14 244 1
B 14 247 1
B 14 249 1
B 14 250 4
B 14 256 1
B 14 260 1
B 14 264 2
B 14 266 1
B 14 274 2
B 14 277 1
B 14 280 1
B 14 290 1
B 14 296 2
B 14 297 1
B 14 302 1
B 14 318 1
B 14 326 1
B 14 329 2
B 14 332 1
B 14 333 1
B 14 358 1
B 14 368 1
B 14 388 1
B 14 400 1
B 14 407 1
B 14 417 1
B 14 428 2
B 14 434 1
B 14 447 1
B 14 493 2
B 14 495 1
B 14 496 1
B 14 500 1
B 14 528 2
B 14 547 2
P 15 0.020
B 15 7 1
B 15 21 1
B 15 24 1
B 15 33 1
B 15 34 1
B 15 38 1
B 15 41 1
B 15 42 1
B 15 43 3
B 15 53 1
B 15 57 1
B 15 62 3
B 15 71 3
B 15 73 1
B 15 74 1
B 15 75 2
B 15 85 2
B 15 88 1
B 15 97 2
B 15 101 1
B 15 103 1
B 15 104 1
B 15 108 2
B 15 123 1
B 15 124 1
B 15 128 2
B 15 129 2
B 15 131 1
B 15 133 1
B 15 138 1
B 15 142 1
B 15 148 1
B 15 157 1
B 15 158 1
B 15 160 1
B 15 163 1
B 15 174 1
B 15 179 1
B 15 182 1
B 15 195 1
B 15 200 2
B 15 211 1
B 15 212 1
B 15 214 1
B 15 217 1
B 15 234 4
B 15 242 1
B 15 246 2
B 15 258 2
B 15 266 1
B 15 267 2
B 15 268 1
B 15 275 1
B 15 278 1
B 15 286 2
B 15 293 2
B 15 306 1
B 15 312 1
B 15 314 1
B 15 315 1
B 15 318 3
B 15 325 1
B 15 341 2
B 15 345 1
B 15 361 2
B 15 370 1
B 15 383 1
B 15 389 1
B 15 390 2
B 15 435 1
B 15 450 1
B 15 457 1
B 15 460 1
B 15 466 2
B 15 470 1
B 15 473 1
B 15 476 1
B 15 477 1
B 15 482 1
B 15 499 1
B 15 500 2
B 15 501 1
B 15 502 2
B 15 512 3
B 15 521 1
B 15 540 1
P 16 0.020
B 16 5 1
B 16 7 2
B 16 18 1
B 16 22 2
B 16 23 1
B 16 24 1
B 16 39 2
B 16 46 1
B 16 49 2
B 16 53 1
B 16 70 1
B 16 71 1
B 16 79 1
B 16 82 1
B 16 83 1
B 16 85 1
B 16 90 2
B 16 132 1
B 16 134 1
B 16 136 1
B 16 147 1
B 16 155 1
B 16 156 1
B 16 163 1
B 16 179 1
B 16 181 1
B 16 193 1
B 16 195 1
B 16 198 1
B 16 202 1
B 16 204 2
B 16 205 1
B 16 212 1
B 16 215 1
B 16 217 2
B 16 222 2
B 16 231 1
B 16 234 4
B 16 236 1
B 16 244 1
B 16 254 1
B 16 256 2
B 16 258 1
B 16 260 1
B 16 261 1
B 16 262 2
B 16 263 1
B 16 272 1
B 16 275 2
B 16 277 1
B 16 279 1
B 16 291 2
B 16 294 1
B 16 303 1
B 16 308 3
B 16 309 2
B 16 316 1
B 16 324 1
B 16 341 2
B 16 352 1
B 16 369 1
B 16 371 1
B 16 373 1
B 16 377 1
B 16 379 1
B 16 382 1
B 16 411 1
B 16 421 1
B 16 426 2
B 16 429 1
B 16 434 1
B 16 450 1
B 16 454 1
B 16 460 1
B 16 476 1
B 16 482 1
B 16 483 1
B 16 495 1
B 16 501 1
B 16 502 1
B 16 503 1
B 16 541 1
P 17 0.020
B 17 22 1
B 17 24 1
B 17 36 2
B 17 38 2
B 17 42 2
B 17 43 1
B 17 47 2
B 17 53 1
B 17 60 2
B 17 61 1
B 17 63 2
B 17 67 1
B 17 75 1
B 17 80 2
B 17 82 1
B 17 85 1
B 17 88 1
B 17 108 1
B 17 121 1
B 17 126 1
B 17 128 1
B 17 142 1
B 17 148 2
B 17 152 1
B 17 155 1
B 17 158 1
B 17 186 1
B 17 193 1
B 17 200 1
B 17 207 2
B 17 209 1
B 17 210 2
B 17 212 1
B 17 216 1
B 17 219 1
B 17 224 1
B 17 226 1
B 17 227 2
B 17 234 2
B 17 236 1
B 17 243 1
B 17 253 1
B 17 254 2
B 17 258 1
B 17 267 1
B 17 270 1
B 17 278 1
B 17 283 1
B 17 289 1
B 17 294 1
B 17 297 1
B 17 299 1
B 17 303 1
B 17 312 1
B 17 329 1
B 17 345 1
B 17 370 1
B 17 386 2
B 17 388 1
B 17 394 1
B 17 404 1
B 17 409 1
B 17 427 1
B 17 440 2
B 17 442 2
B 17 451 1
B 17 457 2
B 17 464 1
B 17 476 1
B 17 504 1
B 17 536 1
B 17 541 2
B 17 545 1
P 18 0.020
B 18 5 2
B 18 6 2
B 18 17 1
B 18 44 2
B 18 50 1
B 18 54 1
B 18 57 1
B 18 61 1
B 18 62 1
B 18 67 2
B 18 68 2
B 18 70 1
B 18 71 3
B 18 76 1
B 18 78 1
B 18 79 2
B 18 90 1
B 18 94 2
B 18 97 1
B 18 100 1
B 18 104 2
B 18 107 2
B 18 121 1
B 18 123 1
B 18 124 1
B 18 127 3
B 18 131 1
B 18 135 1
B 18 138 1
B 18 142 1
B 18 152 1
B 18 158 2
B 18 160 1
B 18 163 2
B 18 184 1
B 18 188 1
B 18 191 2
B 18 198 3
B 18 201 1
B 18 203 1
B 18 204 2
B 18 205 2
B 18 207 1
B 18 210 1
B 18 214 1
B 18 218 1
B 18 224 1
B 18 226 1
B 18 236 2
B 18 252 1
B 18 255 1
B 18 261 1
B 18 264 1
B 18 270 1
B 18 272 1
B 18 277 1
B 18 280 2
B 18 286 1
B 18 290 1
B 18 294 1
B 18 306 1
B 18 319 2
B 18 320 1
B 18 329 2
B 18 341 2
B 18 342 1
B 18 344 1
B 18 345 1
B 18 357 2
B 18 358 1
B 18 368 1
B 18 373 2
B 18 379 1
B 18 398 2
B 18 403 2
B 18 409 1
B 18 411 1
B 18 424 1
B 18 426 1
B 18 438 1
B 18 440 4
B 18 445 1
B 18 452 1
B 18 454 1
B 18 457 2
B 18 460 2
B 18 496 1
B 18 501 1
B 18 503 1
B 18 520 1
B 18 543 1
P 19 0.020
B 19 1 1
B 19 7 1
B 19 15 1
B 19 17 1
B 19 18 1
B 19 25 1
B 19 42 2
B 19 43 1
B 19 44 2
B 19 45 2
B 19 47 2
B 19 52 1
B 19 55 2
B 19 61 1
B 19 69 1
B 19 72 1
B 19 77 2
B 19 80 1
B 19 81 1
B 19 82 1
B 19 85 1
B 19 88 1
B 19 92 1
B 19 101 1
B 19 103 1
B 19 121 1
B 19 123 2
B 19 128 1
B 19 137 2
B 19 144 1
B 19 158 1
B 19 161 2
B 19 163 1
B 19 175 1
B 19 177 1
B 19 181 1
B 19 198 2
B 19 200 1
B 19 202 1
B 19 203 1
B 19 205 1
B 19 207 1
B 19 208 1
B 19 209 1
B 19 210 1
B 19 213 1
B 19 214 1
B 19 219 1
B 19 236 1
B 19 241 1
B 19 249 2
B 19 250 1
B 19 252 2
B 19 255 1
B 19 256 1
B 19 268 2
B 19 270 1
B 19 276 2
B 19 295 1
B 19 297 1
B 19 299 1
B 19 301 1
B 19 303 1
B 19 305 1
B 19 311 1
B 19 325 1
B 19 326 1
B 19 328 1
B 19 329 1
B 19 333 1
B 19 344 1
B 19 346 1
B 19 352 1
B 19 356 2
B 19 361 1
B 19 406 1
B 19 409 1
B 19 422 1
B 19 434 1
B 19 439 1
B 19 444 1
B 19 450 2
B 19 482 1
B 19 496 1
B 19 520 1
B 19 530 1
P 20 0.020
B 20 27 1
B 20 41 1
B 20 42 1
B 20 46 1
B 20 60 1
B 20 62 1
B 20 64 3
B 20 69 2
B 20 72 2
B 20 74 1
B 20 75 1
B 20 79 1
B 20 85 1
B 20 91 1
B 20 100 1
B 20 110 1
B 20 123 1
B 20 127 1
B 20 129 1
B 20 132 1
B 20 158 3
B 20 178 1
B 20 179 1
B 20 188 2
B 20 192 2
B 20 202 1
B 20 217 3
B 20 221 1
B 20 222 1
B 20 223 1
B 20 229 3
B 20 234 1
B 20 235 1
B 20 237 2
B 20 239 1
B 20 241 2
B 20 244 1
B 20 249 1
B 20 250 1
B 20 254 1
B 20 258 2
B 20 262 1
B 20 278 1
B 20 279 1
B 20 286 2
B 20 289 1
B 20 297 2
B 20 301 2
B 20 302 1
B 20 307 1
B 20 309 1
B 20 321 1
B 20 323 1
B 20 357 2
B 20 360 1
B 20 361 1
B 20 373 2
B 20 379 2
B 20 392 1
B 20 400 1
B 20 401 1
B 20 408 1
B 20 417 1
B 20 418 1
B 20 422 1
B 20 428 2
B 20 438 2
B 20 440 1
B 20 452 1
B 20 457 1
B 20 461 1
B 20 475 2
B 20 477 1
B 20 500 2
B 20 502 1
B 20 538 2
B 20 541 1
P 21 0.020
B 21 17 1
B 21 18 1
B 21 21 1
B 21 24 1
B 21 26 1
B 21 29 1
B 21 34 1
B 21 36 1
B 21 45 1
B 21 47 1
B 21 54 1
B 21 61 1
B 21 64 1
B 21 71 1
B 21 74 1
B 21 76 1
B 21 77 1
B 21 83 1
B 21 84 1
B 21 91 1
B 21 99 1
B 21 108 3
B 21 111 2
B 21 112 1
B 21 124 1
B 21 127 1
B 21 131 4
B 21 140 1
B 21 144 1
B 21 148 1
B 21 155 1
B 21 160 1
B 21 187 1
B 21 190 1
B 21 197 2
B 21 202 1
B 21 203 1
B 21 205 2
B 21 208 1
B 21 210 1
B 21 212 1
B 21 217 1
B 21 220 1
B 21 229 1
B 21 234 1
B 21 239 1
B 21 245 1
B 21 258 1
B 21 261 2
B 21 290 1
B 21 294 1
B 21 303 1
B 21 310 1
B 21 311 1
B 21 327 2
B 21 335 1
B 21 341 3
B 21 344 1
B 21 347 1
B 21 355 1
B 21 356 2
B 21 361 1
B 21 370 1
B 21 385 1
B 21 388 1
B 21 390 1
B 21 406 1
B 21 411 1
B 21 419 1
B 21 422 1
B 21 424 1
B 21 457 1
B 21 464 2
B 21 491 2
B 21 502 1
B 21 520 1
B 21 530 1
B 21 532 1
P 22 0.020
B 22 17 1
B 22 24 1
B 22 41 1
B 22 43 1
B 22 44 1
B 22 51 2
B 22 52 1
B 22 54 1
B 22 57 1
B 22 69 1
B 22 75 1
B 22 85 1
B 22 90 1
B 22 98 1
B 22 121 1
B 22 123 1
B 22 127 2
B 22 131 1
B 22 135 1
B 22 140 1
B 22 151 1
B 22 153 1
B 22 158 1
B 22 174 1
B 22 185 1
B 22 188 1
B 22 193 1
B 22 196 1
B 22 197 1
B 22 210 2
B 22 214 1
B 22 222 1
B 22 232 1
B 22 234 1
B 22 236 1
B 22 239 1
B 22 253 2
B 22 255 1
B 22 256 1
B 22 257 1
B 22 259 1
B 22 279 1
B 22 282 1
B 22 311 3
B 22 319 1
B 22 320 1
B 22 351 1
B 22 357 1
B 22 374 2
B 22 383 1
B 22 392 1
B 22 416 1
B 22 417 1
B 22 422 2
B 22 424 2
B 22 426 1
B 22 427 1
B 22 432 1
B 22 434 1
B 22 438 1
B 22 440 1
B 22 449 1
B 22 456 2
B 22 460 1
B 22 461 2
B 22 501 1
B 22 547 2
P 23 0.020
B 23 7 1
B 23 17 2
B 23 18 1
B 23 22 2
B 23 24 2
B 23 42 2
B 23 45 1
B 23 57 1
B 23 60 2
B 23 62 2
B 23 64 2
B 23 69 1
B 23 72 1
B 23 78 2
B 23 86 2
B 23 91 1
B 23 113 1
B 23 115 1
B 23 119 1
B 23 124 2
B 23 131 1
B 23 135 1
B 23 138 1
B 23 142 1
B 23 144 2
B 23 148 2
B 23 155 1
B 23 158 1
B 23 162 2
B 23 173 1
B 23 179 1
B 23 184 1
B 23 186 2
B 23 193 2
B 23 203 1
B 23 205 3
B 23 208 2
B 23 212 1
B 23 213 2
B 23 215 3
B 23 217 1
B 23 229 1
B 23 230 2
B 23 234 1
B 23 236 1
B 23 251 3
B 23 255 1
B 23 256 1
B 23 258 1
B 23 261 1
B 23 266 1
B 23 269 3
B 23 280 2
B 23 285 1
B 23 294 1
B 23 301 1
B 23 303 2
B 23 325 1
B 23 346 1
B 23 348 1
B 23 361 1
B 23 368 1
B 23 379 1
B 23 381 1
B 23 408 1
B 23 438 2
B 23 440 1
B 23 455 1
B 23 463 1
B 23 470 2
B 23 524 1
B 23 541 1
P 24 0.020
B 24 37 1
B 24 43 1
B 24 46 3
B 24 47 1
B 24 55 1
B 24 59 1
B 24 61 2
B 24 67 1
B 24 69 1
B 24 70 1
B 24 71 1
B 24 73 2
B 24 74 1
B 24 76 1
B 24 80 1
B 24 89 1
B 24 94 2
B 24 114 1
B 24 125 2
B 24 132 1
B 24 133 2
B 24 140 1
B 24 144 1
B 24 151 1
B 24 152 1
B 24 163 1
B 24 179 1
B 24 186 1
B 24 188 1
B 24 199 1
B 24 206 2
B 24 210 1
B 24 215 2
B 24 217 2
B 24 218 1
B 24 221 2
B 24 227 1
B 24 228 1
B 24 230 2
B 24 234 1
B 24 238 1
B 24 249 2
B 24 255 3
B 24 270 1
B 24 279 1
B 24 281 1
B 24 285 1
B 24 299 2
B 24 301 1
B 24 303 2
B 24 305 1
B 24 306 2
B 24 347 1
B 24 353 1
B 24 378 1
B 24 382 1
B 24 410 1
B 24 412 2
B 24 427 1
B 24 438 1
B 24 440 1
B 24 453 1
B 24 457 1
B 24 461 1
B 24 465 1
B 24 470 1
B 24 493 1
B 24 500 1
B 24 501 2
B 24 516 1
B 24 519 2
B 24 521 1
B 24 525 1
B 24 536 1
B 24 541 1
P 25 0.020
B 25 18 1
B 25 22 1
B 25 29 1
B 25 38 2
B 25 42 1
B 25 45 1
B 25 46 2
B 25 62 2
B 25 65 1
B 25 67 1
B 25 72 1
B 25 74 2
B 25 75 2
B 25 76 1
B 25 78 1
B 25 82 1
B 25 87 1
B 25 93 1
B 25 98 1
B 25 103 1
B 25 108 1
B 25 115 2
B 25 121 1
B 25 128 1
B 25 131 1
B 25 133 2
B 25 140 1
B 25 145 1
B 25 153 3
B 25 155 1
B 25 156 1
B 25 159 1
B 25 163 2
B 25 176 1
B 25 179 3
B 25 195 1
B 25 197 1
B 25 202 1
B 25 210 1
B 25 214 1
B 25 233 1
B 25 236 1
B 25 242 1
B 25 243 1
B 25 259 1
B 25 261 1
B 25 263 1
B 25 264 1
B 25 276 2
B 25 292 1
B 25 296 1
B 25 305 1
B 25 306 1
B 25 309 1
B 25 310 1
B 25 314 2
B 25 315 1
B 25 319 1
B 25 323 1
B 25 339 1
B 25 341 1
B 25 342 1
B 25 363 1
B 25 373 1
B 25 378 1
B 25 380 1
B 25 384 1
B 25 403 2
B 25 412 1
B 25 425 1
B 25 427 2
B 25 428 1
B 25 438 2
B 25 454 1
B 25 460 2
B 25 477 1
B 25 482 1
B 25 487 1
B 25 494 1
B 25 500 1
B 25 508 1
B 25 510 1
B 25 541 1
P 26 0.020
B 26 24 2
B 26 26 1
B 26 33 1
B 26 38 1
B 26 41 1
B 26 43 1
B 26 49 1
B 26 60 1
B 26 61 3
B 26 64 1
B 26 70 1
B 26 73 1
B 26 74 1
B 26 75 1
B 26 76 1
B 26 82 1
B 26 88 1
B 26 90 1
B 26 99 1
B 26 107 1
B 26 112 1
B 26 122 3
B 26 128 1
B 26 129 1
B 26 130 2
B 26 132 1
B 26 133 1
B 26 143 1
B 26 144 1
B 26 158 1
B 26 160 2
B 26 163 2
B 26 174 1
B 26 179 2
B 26 180 1
B 26 182 1
B 26 183 1
B 26 190 1
B 26 192 1
B 26 201 1
B 26 204 1
B 26 210 1
B 26 211 1
B 26 217 1
B 26 224 1
B 26 226 1
B 26 227 1
B 26 228 1
B 26 230 1
B 26 233 1
B 26 234 2
B 26 236 2
B 26 246 1
B 26 250 1
B 26 251 1
B 26 259 1
B 26 275 1
B 26 294 1
B 26 296 2
B 26 304 1
B 26 322 1
B 26 331 1
B 26 339 1
B 26 343 2
B 26 344 1
B 26 347 1
B 26 352 2
B 26 354 1
B 26 368 2
B 26 370 1
B 26 379 1
B 26 381 1
B 26 392 1
B 26 406 1
B 26 409 2
B 26 420 1
B 26 434 2
B 26 454 1
B 26 460 1
B 26 461 3
B 26 470 3
B 26 484 2
B 26 487 1
B 26 489 1
B 26 521 1
B 26 522 1
P 27 0.020
B 27 7 1
B 27 11 1
B 27 16 1
B 27 17 1
B 27 22 1
B 27 27 1
B 27 32 1
B 27 41 2
B 27 45 1
B 27 47 1
B 27 50 1
B 27 54 3
B 27 55 1
B 27 64 1
B 27 69 1
B 27 72 1
B 27 76 1
B 27 78 1
B 27 80 1
B 27 81 1
B 27 90 1
B 27 93 1
B 27 100 1
B 27 108 1
B 27 123 1
B 27 126 2
B 27 136 1
B 27 145 1
B 27 151 1
B 27 152 1
B 27 153 3
B 27 154 2
B 27 160 1
B 27 161 1
B 27 177 2
B 27 181 3
B 27 182 1
B 27 184 1
B 27 192 2
B 27 197 3
B 27 202 2
B 27 204 1
B 27 219 2
B 27 224 2
B 27 225 2
B 27 228 1
B 27 231 1
B 27 233 1
B 27 235 1
B 27 236 1
B 27 237 1
B 27 249 1
B 27 250 1
B 27 262 1
B 27 263 1
B 27 276 1
B 27 278 1
B 27 287 1
B 27 288 1
B 27 290 2
B 27 294 1
B 27 298 1
B 27 301 1
B 27 306 2
B 27 319 1
B 27 341 1
B 27 356 1
B 27 366 1
B 27 370 1
B 27 380 1
B 27 401 2
B 27 405 2
B 27 409 1
B 27 418 1
B 27 420 1
B 27 430 1
B 27 434 1
B 27 438 1
B 27 440 2
B 27 451 1
B 27 461 1
B 27 463 2
B 27 476 1
B 27 487 1
B 27 497 1
B 27 500 1
B 27 502 2
B 27 508 1
B 27 513 1
B 27 525 1
B 27 530 2
B 27 541 2
P 28 0.020
B 28 10 1
B 28 17 1
B 28 18 1
B 28 21 1
B 28 34 2
B 28 37 2
B 28 44 2
B 28 45 1
B 28 47 1
B 28 53 1
B 28 60 1
B 28 85 1
B 28 87 1
B 28 88 1
B 28 91 1
B 28 93 2
B 28 102 1
B 28 103 2
B 28 113 1
B 28 115 1
B 28 119 1
B 28 122 1
B 28 131 1
B 28 137 2
B 28 140 1
B 28 147 1
B 28 154 1
B 28 158 1
B 28 163 1
B 28 176 1
B 28 177 1
B 28 183 3
B 28 187 1
B 28 195 1
B 28 205 2
B 28 207 1
B 28 210 1
B 28 211 1
B 28 212 2
B 28 221 1
B 28 228 1
B 28 244 1
B 28 256 2
B 28 261 1
B 28 266 1
B 28 276 1
B 28 297 1
B 28 303 1
B 28 314 1
B 28 316 1
B 28 337 1
B 28 346 1
B 28 358 1
B 28 363 1
B 28 374 1
B 28 382 1
B 28 386 1
B 28 396 3
B 28 399 1
B 28 400 1
B 28 405 1
B 28 411 2
B 28 419 2
B 28 438 1
B 28 440 1
B 28 455 1
B 28 469 1
B 28 470 1
B 28 472 1
B 28 482 1
B 28 490 1
B 28 494 2
B 28 500 1
B 28 510 1
B 28 525 1
B 28 541 5
P 29 0.020
B 29 7 1
B 29 17 1
B 29 18 1
B 29 21 3
B 29 30 1
B 29 33 1
B 29 38 3
B 29 41 1
B 29 46 1
B 29 49 1
B 29 52 1
B 29 53 1
B 29 54 1
B 29 60 2
B 29 61 2
B 29 64 1
B 29 69 4
B 29 71 1
B 29 72 2
B 29 74 1
B 29 75 1
B 29 83 1
B 29 86 2
B 29 90 1
B 29 91 1
B 29 100 1
B 29 121 2
B 29 133 1
B 29 137 1
B 29 142 1
B 29 149 2
B 29 152 1
B 29 153 2
B 29 159 1
B 29 165 1
B 29 179 1
B 29 187 1
B 29 189 1
B 29 192 1
B 29 194 1
B 29 204 1
B 29 207 2
B 29 209 1
B 29 210 1
B 29 217 3
B 29 235 2
B 29 237 1
B 29 249 1
B 29 255 1
B 29 257 2
B 29 262 1
B 29 264 1
B 29 270 1
B 29 272 1
B 29 276 1
B 29 277 2
B 29 278 3
B 29 279 1
B 29 283 1
B 29 302 1
B 29 303 1
B 29 319 1
B 29 339 1
B 29 363 2
B 29 370 1
B 29 371 1
B 29 379 2
B 29 391 1
B 29 417 2
B 29 419 1
B 29 420 1
B 29 422 3
B 29 423 1
B 29 424 1
B 29 426 1
B 29 435 1
B 29 438 4
B 29 504 1
B 29 525 1
B 29 530 1
P 30 0.020
B 30 5 1
B 30 17 1
B 30 24 2
B 30 27 1
B 30 31 1
B 30 34 2
B 30 43 1
B 30 44 1
B 30 46 2
B 30 47 2
B 30 49 1
B 30 57 1
B 30 60 1
B 30 64 1
B 30 65 1
B 30 67 2
B 30 69 1
B 30 70 1
B 30 72 1
B 30 83 1
B 30 84 2
B 30 124 1
B 30 128 1
B 30 136 1
B 30 140 1
B 30 144 1
B 30 150 1
B 30 152 1
B 30 155 1
B 30 158 1
B 30 176 1
B 30 177 1
B 30 181 1
B 30 193 2
B 30 195 2
B 30 199 1
B 30 202 1
B 30 204 2
B 30 205 1
B 30 207 1
B 30 211 2
B 30 213 1
B 30 215 2
B 30 219 1
B 30 235 2
B 30 236 1
B 30 237 2
B 30 249 1
B 30 254 1
B 30 260 1
B 30 268 1
B 30 283 1
B 30 297 1
B 30 302 2
B 30 308 1
B 30 316 2
B 30 317 1
B 30 329 1
B 30 333 1
B 30 342 1
B 30 344 1
B 30 345 1
B 30 357 2
B 30 359 1
B 30 360 1
B 30 387 1
B 30 394 1
B 30 410 1
B 30 424 1
B 30 438 2
B 30 440 1
B 30 450 1
B 30 460 1
B 30 464 1
B 30 470 1
B 30 482 1
B 30 499 1
B 30 501 1
B 30 506 1
B 30 521 1
B 30 524 1
B 30 526 1
B 30 530 1
P 31 0.020
B 31 17 2
B 31 42 2
B 31 43 1
B 31 55 1
B 31 60 1
B 31 68 1
B 31 74 2
B 31 77 2
B 31 78 1
B 31 80 1
B 31 82 1
B 31 84 2
B 31 92 1
B 31 99 1
B 31 105 2
B 31 122 1
B 31 133 2
B 31 135 1
B 31 153 1
B 31 154 2
B 31 175 2
B 31 176 2
B 31 179 1
B 31 190 1
B 31 192 2
B 31 196 2
B 31 206 1
B 31 213 1
B 31 215 1
B 31 219 2
B 31 234 2
B 31 236 1
B 31 238 1
B 31 242 1
B 31 244 3
B 31 246 1
B 31 258 1
B 31 263 2
B 31 266 1
B 31 275 1
B 31 276 1
B 31 277 1
B 31 279 1
B 31 282 3
B 31 289 1
B 31 292 1
B 31 293 1
B 31 294 1
B 31 304 1
B 31 306 1
B 31 309 1
B 31 317 1
B 31 321 1
B 31 327 2
B 31 329 1
B 31 331 2
B 31 333 1
B 31 343 1
B 31 370 2
B 31 372 1
B 31 378 1
B 31 396 1
B 31 413 2
B 31 417 1
B 31 422 1
B 31 438 1
B 31 442 1
B 31 451 2
B 31 454 1
B 31 472 1
B 31 482 1
B 31 493 1
B 31 501 1
B 31 504 1
B 31 512 1
B 31 543 1
P 32 0.020
B 32 7 2
B 32 8 2
B 32 16 1
B 32 18 2
B 32 21 1
B 32 24 2
B 32 28 1
B 32 42 2
B 32 47 1
B 32 51 1
B 32 52 1
B 32 54 1
B 32 71 1
B 32 73 1
B 32 94 2
B 32 100 1
B 32 103 1
B 32 108 2
B 32 111 1
B 32 113 1
B 32 121 1
B 32 122 2
B 32 125 1
B 32 126 1
B 32 130 1
B 32 131 1
B 32 132 1
B 32 158 2
B 32 160 1
B 32 161 1
B 32 163 2
B 32 168 1
B 32 175 1
B 32 190 1
B 32 198 1
B 32 199 1
B 32 204 1
B 32 217 1
B 32 224 1
B 32 230 1
B 32 233 1
B 32 234 2
B 32 237 1
B 32 251 1
B 32 257 1
B 32 262 2
B 32 264 1
B 32 290 1
B 32 296 2
B 32 297 1
B 32 299 1
B 32 300 2
B 32 324 1
B 32 341 1
B 32 346 1
B 32 357 2
B 32 363 2
B 32 370 1
B 32 372 1
B 32 378 2
B 32 383 1
B 32 384 1
B 32 387 1
B 32 401 1
B 32 402 1
B 32 410 3
B 32 416 1
B 32 417 1
B 32 424 3
B 32 428 1
B 32 434 1
B 32 440 3
B 32 442 3
B 32 444 1
B 32 451 1
B 32 454 3
B 32 457 1
B 32 476 1
B 32 477 2
B 32 482 2
B 32 503 1
B 32 504 2
B 32 524 1
B 32 530 1
B 32 541 3
P 33 0.020
B 33 17 1
B 33 21 2
B 33 26 1
B 33 29 1
B 33 60 1
B 33 61 1
B 33 64 3
B 33 72 1
B 33 76 1
B 33 77 1
B 33 86 2
B 33 99 1
B 33 106 1
B 33 114 1
B 33 119 1
B 33 122 3
B 33 124 2
B 33 131 1
B 33 132 2
B 33 133 1
B 33 134 1
B 33 135 1
B 33 139 2
B 33 142 1
B 33 146 1
B 33 158 1
B 33 160 2
B 33 161 1
B 33 163 1
B 33 164 2
B 33 179 1
B 33 186 2
B 33 188 3
B 33 192 2
B 33 198 1
B 33 202 1
B 33 212 1
B 33 234 1
B 33 237 1
B 33 241 2
B 33 242 2
B 33 247 1
B 33 251 3
B 33 252 1
B 33 253 1
B 33 254 1
B 33 259 1
B 33 264 1
B 33 267 1
B 33 270 1
B 33 278 1
B 33 288 1
B 33 289 1
B 33 294 1
B 33 300 1
B 33 302 1
B 33 312 1
B 33 319 1
B 33 350 1
B 33 358 1
B 33 364 1
B 33 366 1
B 33 367 1
B 33 380 1
B 33 387 2
B 33 392 2
B 33 416 1
B 33 417 1
B 33 426 1
B 33 429 1
B 33 437 3
B 33 438 3
B 33 455 1
B 33 458 1
B 33 467 1
B 33 495 1
B 33 501 1
B 33 502 2
B 33 512 2
B 33 518 1
B 33 521 2
B 33 526 3
B 33 541 2
P 34 0.020
B 34 17 3
B 34 41 2
B 34 45 1
B 34 53 1
B 34 62 3
B 34 68 1
B 34 69 1
B 34 84 1
B 34 89 1
B 34 90 2
B 34 93 2
B 34 108 1
B 34 114 1
B 34 122 1
B 34 123 1
B 34 126 2
B 34 127 1
B 34 128 1
B 34 135 2
B 34 138 1
B 34 140 2
B 34 142 1
B 34 148 2
B 34 153 1
B 34 159 1
B 34 176 1
B 34 179 1
B 34 182 1
B 34 188 2
B 34 192 1
B 34 194 1
B 34 199 2
B 34 205 1
B 34 212 1
B 34 215 1
B 34 216 1
B 34 219 2
B 34 225 1
B 34 236 1
B 34 252 1
B 34 259 1
B 34 262 2
B 34 263 1
B 34 264 1
B 34 270 1
B 34 277 1
B 34 284 1
B 34 294 2
B 34 312 1
B 34 325 1
B 34 331 1
B 34 341 2
B 34 357 1
B 34 372 1
B 34 373 1
B 34 396 1
B 34 404 1
B 34 422 1
B 34 426 1
B 34 438 2
B 34 449 1
B 34 451 1
B 34 457 1
B 34 460 1
B 34 464 1
B 34 477 1
B 34 481 1
B 34 502 1
B 34 525 2
B 34 535 2
B 34 536 1
P 35 0.020
B 35 5 1
B 35 11 1
B 35 17 1
B 35 22 1
B 35 24 2
B 35 42 2
B 35 45 1
B 35 47 3
B 35 61 2
B 35 70 1
B 35 82 1
B 35 85 1
B 35 91 2
B 35 92 2
B 35 105 1
B 35 113 1
B 35 117 2
B 35 121 1
B 35 122 2
B 35 128 1
B 35 129 2
B 35 133 1
B 35 137 1
B 35 141 1
B 35 159 1
B 35 160 1
B 35 163 1
B 35 178 1
B 35 181 1
B 35 186 1
B 35 190 1
B 35 203 1
B 35 205 1
B 35 207 2
B 35 209 1
B 35 212 1
B 35 215 1
B 35 218 2
B 35 219 1
B 35 230 2
B 35 235 1
B 35 239 2
B 35 247 1
B 35 258 1
B 35 266 2
B 35 276 1
B 35 287 1
B 35 288 2
B 35 292 2
B 35 293 1
B 35 294 1
B 35 301 1
B 35 314 1
B 35 341 2
B 35 348 1
B 35 358 1
B 35 375 1
B 35 388 1
B 35 389 1
B 35 403 1
B 35 412 1
B 35 417 1
B 35 440 1
B 35 462 1
B 35 464 2
B 35 495 1
B 35 511 1
B 35 513 1
B 35 521 1
B 35 530 1
P 36 0.020
B 36 17 1
B 36 30 1
B 36 32 1
B 36 36 1
B 36 52 2
B 36 56 1
B 36 61 1
B 36 69 1
B 36 72 1
B 36 85 1
B 36 90 1
B 36 92 1
B 36 128 1
B 36 129 1
B 36 132 1
B 36 136 1
B 36 142 1
B 36 145 1
B 36 148 2
B 36 152 1
B 36 158 1
B 36 160 1
B 36 179 1
B 36 186 1
B 36 190 3
B 36 204 1
B 36 207 1
B 36 209 2
B 36 218 1
B 36 227 2
B 36 241 1
B 36 244 1
B 36 249 2
B 36 250 1
B 36 251 2
B 36 252 1
B 36 255 1
B 36 258 1
B 36 269 1
B 36 279 1
B 36 288 1
B 36 291 1
B 36 294 1
B 36 296 1
B 36 303 3
B 36 305 2
B 36 306 2
B 36 308 1
B 36 318 1
B 36 322 2
B 36 341 1
B 36 343 2
B 36 361 3
B 36 371 2
B 36 373 1
B 36 378 1
B 36 385 1
B 36 403 1
B 36 427 1
B 36 438 1
B 36 453 1
B 36 463 1
B 36 467 1
B 36 483 1
B 36 488 1
B 36 492 1
B 36 502 2
B 36 512 1
B 36 521 1
P 37 0.020
B 37 8 2
B 37 12 1
B 37 24 1
B 37 41 1
B 37 42 1
B 37 43 1
B 37 60 1
B 37 71 1
B 37 74 1
B 37 84 1
B 37 104 1
B 37 111 1
B 37 121 1
B 37 123 2
B 37 126 2
B 37 131 1
B 37 133 1
B 37 147 1
B 37 159 1
B 37 160 1
B 37 163 1
B 37 194 2
B 37 208 1
B 37 210 1
B 37 219 1
B 37 243 1
B 37 247 1
B 37 251 2
B 37 253 1
B 37 262 1
B 37 263 1
B 37 278 1
B 37 280 1
B 37 294 1
B 37 298 1
B 37 299 2
B 37 303 2
B 37 306 1
B 37 312 1
B 37 325 1
B 37 326 2
B 37 332 2
B 37 339 1
B 37 356 1
B 37 361 1
B 37 365 1
B 37 367 1
B 37 371 1
B 37 378 2
B 37 383 1
B 37 389 1
B 37 410 2
B 37 426 1
B 37 431 1
B 37 434 1
B 37 450 1
B 37 458 1
B 37 460 1
B 37 464 2
B 37 465 1
B 37 466 1
B 37 473 2
B 37 478 1
B 37 480 1
B 37 481 2
B 37 496 1
B 37 500 1
B 37 508 1
B 37 522 1
B 37 528 1
B 37 530 1
B 37 538 1
P 38 0.020
B 38 6 1
B 38 17 1
B 38 27 2
B 38 28 2
B 38 51 2
B 38 57 1
B 38 60 2
B 38 61 1
B 38 67 1
B 38 71 1
B 38 72 1
B 38 73 1
B 38 78 3
B 38 82 1
B 38 87 1
B 38 105 1
B 38 108 1
B 38 119 1
B 38 121 1
B 38 122 1
B 38 125 1
B 38 126 2
B 38 129 3
B 38 133 1
B 38 136 1
B 38 137 2
B 38 142 1
B 38 153 1
B 38 158 1
B 38 160 1
B 38 163 2
B 38 175 1
B 38 176 1
B 38 183 2
B 38 188 2
B 38 193 1
B 38 199 1
B 38 206 1
B 38 211 1
B 38 213 1
B 38 214 1
B 38 219 2
B 38 224 1
B 38 234 1
B 38 241 2
B 38 249 1
B 38 251 2
B 38 253 2
B 38 258 1
B 38 260 2
B 38 270 1
B 38 272 1
B 38 274 1
B 38 277 2
B 38 279 2
B 38 286 1
B 38 288 1
B 38 303 2
B 38 308 1
B 38 317 1
B 38 323 1
B 38 325 2
B 38 338 1
B 38 341 1
B 38 344 1
B 38 350 1
B 38 370 1
B 38 378 1
B 38 381 1
B 38 403 2
B 38 412 1
B 38 422 1
B 38 426 1
B 38 449 1
B 38 460 1
B 38 474 1
B 38 496 1
B 38 500 2
B 38 510 1
B 38 532 1
B 38 538 1
B 38 546 1
P 39 0.020
B 39 9 1
B 39 10 1
B 39 12 3
B 39 21 1
B 39 37 1
B 39 38 1
B 39 42 1
B 39 43 1
B 39 48 1
B 39 55 1
B 39 62 1
B 39 68 1
B 39 75 1
B 39 76 5
B 39 77 1
B 39 81 1
B 39 105 1
B 39 130 2
B 39 137 1
B 39 152 2
B 39 160 1
B 39 178 2
B 39 183 1
B 39 185 2
B 39 187 1
B 39 194 2
B 39 198 2
B 39 199 1
B 39 200 1
B 39 204 2
B 39 206 2
B 39 208 1
B 39 210 1
B 39 212 1
B 39 214 1
B 39 215 1
B 39 219 4
B 39 226 1
B 39 241 1
B 39 261 1
B 39 262 2
B 39 272 2
B 39 278 1
B 39 290 2
B 39 295 1
B 39 304 1
B 39 314 1
B 39 326 1
B 39 343 1
B 39 344 1
B 39 352 1
B 39 354 2
B 39 357 1
B 39 363 2
B 39 373 1
B 39 378 1
B 39 391 1
B 39 392 1
B 39 426 1
B 39 434 2
B 39 438 2
B 39 444 1
B 39 451 2
B 39 454 1
B 39 462 1
B 39 467 1
B 39 470 1
B 39 484 1
B 39 487 1
B 39 496 1
B 39 517 1
B 39 536 1
B 39 546 1
P 40 0.020
B 40 7 1
B 40 17 2
B 40 21 5
B 40 22 1
B 40 38 2
B 40 41 2
B 40 42 1
B 40 43 1
B 40 47 1
B 40 60 1
B 40 68 2
B 40 76 1
B 40 80 4
B 40 83 1
B 40 89 1
B 40 93 1
B 40 98 1
B 40 121 1
B 40 122 2
B 40 123 1
B 40 130 1
B 40 131 1
B 40 132 2
B 40 144 2
B 40 152 1
B 40 160 1
B 40 175 1
B 40 176 1
B 40 190 2
B 40 193 1
B 40 216 1
B 40 221 1
B 40 228 1
B 40 233 1
B 40 235 1
B 40 237 1
B 40 240 1
B 40 258 1
B 40 261 1
B 40 262 1
B 40 270 1
B 40 279 1
B 40 280 1
B 40 290 1
B 40 292 1
B 40 294 1
B 40 297 2
B 40 299 1
B 40 304 1
B 40 313 2
B 40 345 2
B 40 350 1
B 40 361 3
B 40 370 1
B 40 371 1
B 40 404 1
B 40 417 1
B 40 422 4
B 40 426 2
B 40 427 1
B 40 435 1
B 40 437 1
B 40 451 1
B 40 464 1
B 40 475 1
B 40 477 1
B 40 482 1
B 40 485 1
B 40 500 1
B 40 501 1
B 40 502 2
B 40 508 1
B 40 516 1
B 40 521 1
B 40 531 1
P 41 0.020
B 41 1 1
B 41 17 1
B 41 24 1
B 41 30 1
B 41 32 1
B 41 34 1
B 41 37 1
B 41 41 2
B 41 47 1
B 41 53 2
B 41 57 1
B 41 60 1
B 41 62 1
B 41 67 1
B 41 68 1
B 41 71 1
B 41 74 1
B 41 76 1
B 41 78 1
B 41 87 1
B 41 89 1
B 41 93 2
B 41 104 1
B 41 105 1
B 41 108 2
B 41 109 1
B 41 116 1
B 41 123 1
B 41 125 2
B 41 127 1
B 41 129 1
B 41 133 1
B 41 153 1
B 41 158 1
B 41 160 3
B 41 173 1
B 41 180 2
B 41 184 1
B 41 185 1
B 41 187 1
B 41 197 2
B 41 199 1
B 41 209 2
B 41 212 1
B 41 214 1
B 41 219 1
B 41 221 1
B 41 223 1
B 41 233 1
B 41 234 1
B 41 236 2
B 41 260 1
B 41 262 1
B 41 264 2
B 41 269 2
B 41 294 1
B 41 301 1
B 41 331 1
B 41 339 1
B 41 346 2
B 41 349 1
B 41 353 2
B 41 363 1
B 41 371 1
B 41 373 1
B 41 380 1
B 41 393 2
B 41 406 1
B 41 414 1
B 41 419 1
B 41 421 1
B 41 422 1
B 41 429 1
B 41 438 1
B 41 441 1
B 41 450 3
B 41 458 1
B 41 461 1
B 41 483 1
B 41 487 1
B 41 493 1
P 42 0.020
B 42 21 1
B 42 42 2
B 42 55 1
B 42 60 2
B 42 68 1
B 42 71 2
B 42 73 1
B 42 74 1
B 42 76 1
B 42 93 1
B 42 125 1
B 42 129 1
B 42 133 2
B 42 136 1
B 42 150 2
B 42 151 1
B 42 155 1
B 42 182 1
B 42 186 1
B 42 189 1
B 42 190 1
B 42 192 1
B 42 209 1
B 42 212 1
B 42 214 1
B 42 218 1
B 42 219 1
B 42 221 1
B 42 222 2
B 42 224 1
B 42 241 1
B 42 244 1
B 42 254 1
B 42 261 1
B 42 268 1
B 42 269 1
B 42 278 1
B 42 288 2
B 42 290 2
B 42 301 1
B 42 308 1
B 42 318 2
B 42 324 1
B 42 329 2
B 42 332 1
B 42 357 2
B 42 360 1
B 42 361 1
B 42 377 1
B 42 389 1
B 42 426 1
B 42 437 1
B 42 438 1
B 42 442 1
B 42 445 1
B 42 449 1
B 42 455 1
B 42 480 1
B 42 487 1
B 42 501 2
B 42 518 1
B 42 525 1
B 42 532 1
B 42 536 1
P 43 0.020
B 43 1 1
B 43 16 1
B 43 24 2
B 43 52 1
B 43 53 1
B 43 55 1
B 43 60 1
B 43 64 1
B 43 67 1
B 43 69 1
B 43 84 3
B 43 92 1
B 43 103 1
B 43 109 1
B 43 119 1
B 43 121 1
B 43 123 1
B 43 124 2
B 43 126 3
B 43 129 1
B 43 133 1
B 43 136 1
B 43 137 1
B 43 144 2
B 43 158 1
B 43 159 1
B 43 178 3
B 43 183 1
B 43 190 1
B 43 192 1
B 43 204 2
B 43 205 2
B 43 210 1
B 43 211 1
B 43 212 1
B 43 213 1
B 43 220 1
B 43 222 1
B 43 230 1
B 43 234 1
B 43 237 1
B 43 241 1
B 43 253 1
B 43 256 1
B 43 259 2
B 43 263 1
B 43 284 1
B 43 290 1
B 43 297 1
B 43 300 1
B 43 306 1
B 43 309 1
B 43 325 1
B 43 337 1
B 43 352 1
B 43 354 2
B 43 358 1
B 43 370 1
B 43 373 1
B 43 378 1
B 43 382 2
B 43 386 1
B 43 387 1
B 43 411 1
B 43 426 1
B 43 437 2
B 43 438 4
B 43 440 1
B 43 449 1
B 43 458 1
B 43 500 1
B 43 518 1
B 43 521 1
B 43 533 1
P 44 0.020
B 44 1 2
B 44 18 1
B 44 38 2
B 44 42 1
B 44 50 2
B 44 53 1
B 44 54 1
B 44 55 1
B 44 56 1
B 44 57 1
B 44 60 1
B 44 64 1
B 44 67 1
B 44 68 2
B 44 70 1
B 44 74 1
B 44 85 1
B 44 89 1
B 44 90 1
B 44 93 1
B 44 95 2
B 44 103 1
B 44 104 2
B 44 111 1
B 44 112 1
B 44 116 2
B 44 121 1
B 44 122 1
B 44 126 1
B 44 127 1
B 44 129 2
B 44 133 1
B 44 135 4
B 44 144 1
B 44 155 2
B 44 156 1
B 44 161 3
B 44 175 2
B 44 178 1
B 44 183 1
B 44 202 1
B 44 203 1
B 44 207 1
B 44 219 4
B 44 221 2
B 44 228 1
B 44 240 1
B 44 246 1
B 44 253 1
B 44 255 1
B 44 269 1
B 44 272 1
B 44 290 1
B 44 294 1
B 44 297 1
B 44 301 1
B 44 308 2
B 44 315 3
B 44 318 1
B 44 319 1
B 44 331 1
B 44 337 2
B 44 344 1
B 44 349 1
B 44 354 2
B 44 360 2
B 44 385 2
B 44 389 1
B 44 400 1
B 44 403 1
B 44 417 1
B 44 421 1
B 44 424 1
B 44 429 1
B 44 438 1
B 44 440 1
B 44 450 2
B 44 454 2
B 44 457 2
B 44 461 2
B 44 472 2
B 44 480 2
B 44 484 1
B 44 513 1
B 44 519 1
B 44 528 1
B 44 539 1
P 45 0.020
B 45 8 2
B 45 21 1
B 45 24 1
B 45 32 2
B 45 36 2
B 45 39 1
B 45 41 1
B 45 45 1
B 45 55 1
B 45 61 2
B 45 67 2
B 45 68 1
B 45 84 2
B 45 89 1
B 45 99 1
B 45 106 1
B 45 129 1
B 45 131 1
B 45 137 1
B 45 152 1
B 45 155 3
B 45 162 1
B 45 190 1
B 45 194 1
B 45 200 1
B 45 202 1
B 45 207 1
B 45 219 1
B 45 224 2
B 45 227 1
B 45 234 1
B 45 237 1
B 45 241 1
B 45 243 1
B 45 249 1
B 45 267 1
B 45 268 2
B 45 279 1
B 45 280 1
B 45 288 1
B 45 299 1
B 45 300 2
B 45 311 1
B 45 325 1
B 45 337 2
B 45 346 1
B 45 354 1
B 45 370 1
B 45 377 1
B 45 379 1
B 45 380 1
B 45 389 1
B 45 408 1
B 45 411 1
B 45 413 1
B 45 416 1
B 45 422 1
B 45 458 1
B 45 466 1
B 45 470 2
B 45 485 1
B 45 493 2
B 45 545 1
P 46 0.020
B 46 21 1
B 46 24 3
B 46 32 2
B 46 41 1
B 46 42 1
B 46 50 1
B 46 55 1
B 46 67 1
B 46 69 1
B 46 78 1
B 46 82 1
B 46 87 1
B 46 89 3
B 46 103 1
B 46 113 1
B 46 119 1
B 46 126 1
B 46 128 1
B 46 136 2
B 46 144 1
B 46 163 1
B 46 175 1
B 46 183 2
B 46 184 1
B 46 192 1
B 46 195 1
B 46 208 2
B 46 212 1
B 46 215 2
B 46 221 2
B 46 226 2
B 46 227 1
B 46 228 1
B 46 243 1
B 46 246 2
B 46 248 1
B 46 254 1
B 46 255 1
B 46 261 3
B 46 270 1
B 46 276 2
B 46 290 1
B 46 292 1
B 46 293 2
B 46 299 1
B 46 301 1
B 46 303 1
B 46 308 1
B 46 310 1
B 46 330 1
B 46 333 1
B 46 348 1
B 46 352 2
B 46 357 3
B 46 361 1
B 46 363 1
B 46 379 1
B 46 405 1
B 46 409 2
B 46 411 1
B 46 419 1
B 46 438 1
B 46 465 1
B 46 474 1
B 46 494 1
B 46 521 2
B 46 539 1
B 46 541 2
B 46 547 1
P 47 0.020
B 47 0 1
B 47 6 1
B 47 9 1
B 47 19 1
B 47 21 2
B 47 29 1
B 47 47 2
B 47 55 1
B 47 77 1
B 47 81 1
B 47 82 1
B 47 83 1
B 47 89 1
B 47 97 1
B 47 101 1
B 47 117 2
B 47 128 2
B 47 133 1
B 47 134 2
B 47 136 1
B 47 137 1
B 47 147 2
B 47 150 1
B 47 151 1
B 47 156 2
B 47 176 1
B 47 183 1
B 47 187 1
B 47 190 1
B 47 193 3
B 47 197 1
B 47 205 1
B 47 208 1
B 47 211 3
B 47 218 1
B 47 219 1
B 47 226 1
B 47 234 1
B 47 237 1
B 47 245 1
B 47 250 1
B 47 253 2
B 47 259 1
B 47 263 2
B 47 266 1
B 47 275 2
B 47 277 2
B 47 286 1
B 47 293 1
B 47 294 1
B 47 299 3
B 47 301 1
B 47 309 1
B 47 329 2
B 47 331 1
B 47 358 1
B 47 362 1
B 47 372 1
B 47 373 1
B 47 388 1
B 47 404 1
B 47 406 2
B 47 433 1
B 47 440 1
B 47 450 1
B 47 464 2
B 47 473 2
B 47 485 1
B 47 514 1
B 47 530 1
B 47 540 1
P 48 0.020
B 48 6 1
B 48 9 1
B 48 17 1
B 48 19 1
B 48 22 1
B 48 34 1
B 48 53 1
B 48 70 1
B 48 77 2
B 48 85 1
B 48 93 2
B 48 116 1
B 48 119 1
B 48 123 2
B 48 126 1
B 48 128 1
B 48 129 1
B 48 133 2
B 48 135 1
B 48 153 1
B 48 155 1
B 48 159 1
B 48 175 1
B 48 177 2
B 48 181 2
B 48 185 1
B 48 191 1
B 48 192 2
B 48 196 2
B 48 211 1
B 48 219 1
B 48 226 2
B 48 228 1
B 48 241 1
B 48 249 1
B 48 253 1
B 48 258 1
B 48 268 1
B 48 272 1
B 48 280 1
B 48 290 1
B 48 298 1
B 48 301 1
B 48 302 1
B 48 305 1
B 48 307 1
B 48 311 1
B 48 312 1
B 48 318 1
B 48 319 2
B 48 321 1
B 48 326 1
B 48 327 1
B 48 328 2
B 48 338 1
B 48 341 1
B 48 353 2
B 48 361 1
B 48 385 2
B 48 425 2
B 48 455 1
B 48 457 2
B 48 458 2
B 48 502 1
B 48 516 1
B 48 523 1
B 48 526 1
P 49 0.020
B 49 18 1
B 49 24 2
B 49 28 1
B 49 29 1
B 49 32 1
B 49 35 1
B 49 41 2
B 49 45 1
B 49 46 1
B 49 64 1
B 49 67 1
B 49 74 1
B 49 76 2
B 49 78 1
B 49 82 3
B 49 90 1
B 49 92 2
B 49 104 1
B 49 105 2
B 49 128 1
B 49 137 1
B 49 144 1
B 49 149 1
B 49 179 3
B 49 184 1
B 49 185 2
B 49 192 1
B 49 193 1
B 49 194 2
B 49 205 2
B 49 207 1
B 49 218 1
B 49 224 2
B 49 234 1
B 49 237 2
B 49 241 1
B 49 246 1
B 49 248 1
B 49 249 1
B 49 253 1
B 49 254 1
B 49 259 1
B 49 266 2
B 49 280 3
B 49 281 1
B 49 290 1
B 49 305 1
B 49 306 1
B 49 313 1
B 49 315 1
B 49 331 1
B 49 333 1
B 49 342 1
B 49 364 1
B 49 371 1
B 49 373 2
B 49 405 1
B 49 412 1
B 49 429 1
B 49 434 1
B 49 438 2
B 49 440 1
B 49 454 1
B 49 455 2
B 49 458 1
B 49 469 1
B 49 475 2
B 49 478 1
B 49 489 1
B 49 502 1
B 49 512 1
B 49 535 1
B 49 545 1
