50
P 0 0.020
B 0 3 2
B 0 8 2
B 0 13 1
B 0 21 2
B 0 24 1
B 0 25 3
B 0 35 1
B 0 40 1
B 0 41 1
B 0 53 2
B 0 59 1
B 0 65 1
B 0 69 2
P 1 0.020
B 1 10 1
B 1 15 1
B 1 21 1
B 1 43 2
B 1 51 1
B 1 61 1
P 2 0.020
B 2 6 2
B 2 8 1
B 2 16 1
B 2 31 1
B 2 36 1
B 2 50 1
B 2 51 1
B 2 56 1
B 2 58 1
P 3 0.020
B 3 11 2
B 3 12 1
B 3 16 2
B 3 25 1
B 3 32 1
B 3 33 2
B 3 37 1
B 3 46 2
B 3 48 2
B 3 60 2
B 3 61 1
P 4 0.020
B 4 1 1
B 4 3 2
B 4 6 1
B 4 7 1
B 4 19 1
B 4 22 1
B 4 35 1
B 4 48 1
B 4 50 1
B 4 56 2
B 4 61 1
B 4 70 1
P 5 0.020
B 5 11 1
B 5 12 1
B 5 15 1
B 5 16 1
B 5 22 1
B 5 38 1
B 5 41 1
B 5 48 2
B 5 71 1
B 5 73 2
P 6 0.020
B 6 7 1
B 6 10 1
B 6 15 1
B 6 16 2
B 6 18 2
B 6 22 2
B 6 31 1
B 6 61 1
B 6 63 1
P 7 0.020
B 7 7 2
B 7 11 1
B 7 18 1
B 7 25 2
B 7 27 2
B 7 31 2
B 7 33 1
B 7 36 1
B 7 45 1
B 7 48 1
B 7 53 1
B 7 56 2
P 8 0.020
B 8 7 1
B 8 21 1
B 8 22 1
B 8 26 1
B 8 35 1
B 8 39 2
B 8 57 1
B 8 64 1
P 9 0.020
B 9 11 1
B 9 12 1
B 9 28 1
B 9 30 1
B 9 40 1
B 9 47 2
B 9 53 1
B 9 65 2
P 10 0.020
B 10 10 1
B 10 21 2
B 10 26 1
B 10 41 1
B 10 51 1
P 11 0.020
B 11 6 2
B 11 25 1
B 11 56 1
P 12 0.020
B 12 12 1
B 12 21 2
B 12 35 1
B 12 44 1
B 12 46 2
B 12 54 1
B 12 61 1
P 13 0.020
B 13 3 2
B 13 11 1
B 13 12 1
B 13 22 1
B 13 29 1
B 13 44 1
B 13 46 1
B 13 66 1
B 13 73 1
P 14 0.020
B 14 11 1
B 14 12 1
B 14 25 1
B 14 33 1
B 14 44 1
B 14 51 1
B 14 53 1
B 14 65 1
P 15 0.020
B 15 23 1
B 15 33 1
B 15 35 1
B 15 46 1
B 15 64 1
P 16 0.020
B 16 15 1
B 16 23 1
B 16 25 1
B 16 27 1
B 16 55 1
B 16 59 2
B 16 62 1
B 16 65 1
P 17 0.020
B 17 10 1
B 17 12 1
B 17 15 1
B 17 19 1
B 17 21 1
B 17 23 1
B 17 29 1
B 17 30 1
B 17 36 1
B 17 40 3
B 17 45 1
B 17 53 1
B 17 54 1
B 17 58 1
P 18 0.020
B 18 12 2
B 18 16 1
B 18 21 1
B 18 33 2
B 18 40 2
B 18 46 2
B 18 53 1
B 18 64 1
P 19 0.020
B 19 23 1
B 19 32 2
B 19 48 1
B 19 54 1
B 19 62 1
B 19 68 2
P 20 0.020
B 20 14 1
B 20 25 2
B 20 32 1
B 20 35 1
B 20 53 1
B 20 69 1
P 21 0.020
B 21 6 2
B 21 15 1
B 21 21 1
B 21 60 1
B 21 61 1
P 22 0.020
B 22 7 3
B 22 16 1
B 22 22 1
B 22 31 1
B 22 37 1
B 22 40 1
B 22 56 2
P 23 0.020
B 23 15 1
B 23 22 1
B 23 23 1
B 23 29 1
B 23 31 2
B 23 35 1
B 23 46 1
B 23 62 1
B 23 73 1
P 24 0.020
B 24 17 1
B 24 21 1
B 24 28 1
B 24 61 1
B 24 65 1
B 24 68 2
P 25 0.020
B 25 6 1
B 25 12 1
B 25 22 1
B 25 23 1
B 25 27 1
B 25 37 1
B 25 48 1
B 25 54 2
B 25 56 1
B 25 66 1
P 26 0.020
B 26 3 1
B 26 24 1
B 26 31 1
B 26 33 1
B 26 35 1
B 26 50 1
B 26 53 1
B 26 60 1
P 27 0.020
B 27 11 1
B 27 12 1
B 27 15 1
B 27 17 1
B 27 21 2
B 27 22 1
B 27 25 1
B 27 33 1
B 27 35 1
B 27 38 2
B 27 39 1
B 27 43 1
B 27 46 1
B 27 54 1
B 27 63 1
P 28 0.020
B 28 12 1
B 28 22 1
B 28 25 1
B 28 37 4
B 28 41 1
B 28 57 1
P 29 0.020
B 29 21 1
B 29 22 1
B 29 23 1
B 29 27 1
B 29 43 1
B 29 46 1
P 30 0.020
B 30 17 1
B 30 23 1
B 30 25 3
B 30 46 2
B 30 52 1
B 30 71 1
P 31 0.020
B 31 15 1
B 31 29 1
B 31 33 1
B 31 59 1
P 32 0.020
B 32 5 2
B 32 12 1
B 32 23 2
B 32 24 1
B 32 29 1
B 32 36 1
B 32 48 2
P 33 0.020
B 33 10 1
B 33 15 1
B 33 33 2
B 33 35 1
B 33 36 1
B 33 41 1
B 33 46 2
B 33 48 2
P 34 0.020
B 34 7 2
B 34 11 2
B 34 27 1
B 34 29 1
B 34 35 1
B 34 40 2
B 34 62 1
P 35 0.020
B 35 1 1
B 35 7 2
B 35 11 1
B 35 16 1
B 35 31 1
B 35 35 1
B 35 46 1
B 35 52 1
B 35 64 1
P 36 0.020
B 36 11 1
B 36 26 1
B 36 33 1
B 36 39 1
B 36 50 1
P 37 0.020
B 37 11 1
B 37 15 1
B 37 22 2
B 37 30 2
B 37 31 1
B 37 33 1
B 37 35 1
B 37 56 2
B 37 59 1
P 38 0.020
B 38 6 1
B 38 17 2
P 39 0.020
B 39 11 1
B 39 13 1
B 39 27 1
B 39 49 1
B 39 51 2
P 40 0.020
B 40 17 1
B 40 25 1
B 40 58 1
P 41 0.020
B 41 11 1
B 41 21 1
B 41 52 3
B 41 60 1
P 42 0.020
B 42 11 1
B 42 14 2
B 42 34 2
P 43 0.020
B 43 45 1
B 43 48 1
P 44 0.020
B 44 9 1
B 44 11 1
B 44 12 2
B 44 44 1
B 44 46 1
B 44 50 1
B 44 53 1
B 44 61 1
P 45 0.020
B 45 7 1
B 45 44 1
B 45 50 1
B 45 52 1
B 45 54 2
B 45 60 1
P 46 0.020
B 46 10 1
B 46 21 1
B 46 33 2
B 46 37 1
B 46 38 1
B 46 48 1
P 47 0.020
B 47 6 1
B 47 8 1
B 47 35 1
B 47 36 1
B 47 52 1
B 47 54 1
B 47 57 1
B 47 58 1
B 47 59 2
B 47 67 1
P 48 0.020
B 48 12 1
B 48 33 2
B 48 56 1
P 49 0.020
B 49 12 2
B 49 16 1
B 49 35 1
B 49 36 2
B 49 37 1
B 49 40 1
