50
P 0 0.020
B 0 26 2
P 1 0.020
B 1 8 3
B 1 10 1
B 1 15 1
B 1 24 1
B 1 41 1
B 1 44 1
B 1 46 1
B 1 50 1
B 1 55 1
B 1 59 2
B 1 60 1
B 1 61 1
B 1 65 1
P 2 0.020
B 2 10 2
B 2 20 1
B 2 53 1
B 2 57 1
P 3 0.020
B 3 5 1
B 3 8 1
B 3 11 1
B 3 12 2
B 3 24 2
B 3 25 1
B 3 33 1
B 3 46 1
B 3 48 1
B 3 49 1
B 3 50 1
B 3 56 1
B 3 73 1
P 4 0.020
B 4 11 1
B 4 23 1
B 4 35 1
B 4 46 2
B 4 47 1
P 5 0.020
B 5 3 1
B 5 15 1
B 5 18 1
B 5 35 2
B 5 58 2
B 5 59 1
P 6 0.020
B 6 16 2
B 6 54 1
B 6 59 1
P 7 0.020
B 7 25 3
B 7 37 1
B 7 41 1
B 7 48 2
P 8 0.020
B 8 12 1
B 8 18 1
B 8 33 1
B 8 46 1
B 8 51 1
B 8 59 1
B 8 60 1
P 9 0.020
B 9 6 1
B 9 11 1
B 9 15 3
B 9 16 1
B 9 35 1
B 9 51 1
B 9 54 1
B 9 56 1
P 10 0.020
B 10 15 1
B 10 16 1
B 10 45 1
B 10 46 2
B 10 69 2
P 11 0.020
B 11 6 1
B 11 11 1
B 11 23 1
B 11 35 3
B 11 58 1
B 11 64 2
B 11 67 2
B 11 71 1
P 12 0.020
B 12 3 1
B 12 10 1
B 12 11 1
B 12 12 2
B 12 15 1
B 12 17 2
B 12 21 1
B 12 25 1
B 12 33 1
B 12 46 2
B 12 60 2
B 12 65 1
P 13 0.020
B 13 8 2
B 13 12 5
B 13 15 1
B 13 23 1
B 13 38 2
B 13 45 1
B 13 46 1
B 13 53 2
B 13 54 1
B 13 55 1
P 14 0.020
B 14 5 1
B 14 6 1
B 14 10 1
B 14 16 1
B 14 21 1
B 14 36 2
B 14 48 1
B 14 54 1
B 14 59 1
B 14 67 1
P 15 0.020
B 15 5 1
B 15 6 1
B 15 7 1
B 15 19 2
B 15 22 1
B 15 25 1
B 15 28 1
B 15 35 1
B 15 44 1
B 15 52 1
B 15 54 1
B 15 56 1
B 15 59 1
B 15 70 1
B 15 73 1
P 16 0.020
B 16 12 2
B 16 33 1
B 16 38 2
B 16 41 2
B 16 58 1
B 16 63 1
B 16 72 1
P 17 0.020
B 17 1 1
B 17 6 2
B 17 12 1
B 17 22 1
B 17 23 1
B 17 25 1
B 17 30 1
B 17 32 1
B 17 33 1
B 17 44 2
B 17 46 1
B 17 47 1
B 17 53 1
B 17 60 2
P 18 0.020
B 18 9 1
B 18 16 2
B 18 21 1
B 18 22 1
B 18 23 1
B 18 25 1
B 18 28 1
B 18 35 1
B 18 41 3
B 18 50 2
B 18 51 1
P 19 0.020
B 19 11 2
B 19 22 1
B 19 35 1
B 19 53 1
B 19 61 2
P 20 0.020
B 20 5 1
B 20 7 1
B 20 12 2
B 20 23 2
B 20 25 1
B 20 33 1
B 20 46 1
B 20 64 1
P 21 0.020
B 21 12 1
B 21 21 1
B 21 46 1
B 21 49 2
P 22 0.020
B 22 7 1
B 22 22 2
B 22 56 1
B 22 70 1
P 23 0.020
B 23 10 2
B 23 15 1
B 23 21 1
B 23 23 1
B 23 35 1
B 23 41 1
B 23 44 1
B 23 58 1
B 23 59 1
B 23 61 1
B 23 63 1
P 24 0.020
B 24 5 1
B 24 7 1
B 24 10 1
B 24 12 5
B 24 16 1
B 24 35 1
B 24 40 1
B 24 59 1
B 24 65 1
B 24 66 1
P 25 0.020
B 25 21 1
B 25 22 1
B 25 23 3
B 25 25 2
B 25 57 1
B 25 60 1
B 25 65 1
P 26 0.020
B 26 7 1
B 26 12 1
B 26 36 1
B 26 40 1
B 26 60 1
P 27 0.020
B 27 17 1
B 27 31 2
B 27 33 2
B 27 38 1
B 27 48 1
B 27 53 1
B 27 56 1
B 27 60 1
P 28 0.020
B 28 13 1
B 28 22 1
B 28 25 1
B 28 34 1
B 28 58 1
P 29 0.020
B 29 12 1
B 29 21 1
B 29 23 1
B 29 24 1
B 29 36 2
B 29 37 1
B 29 40 1
B 29 50 2
B 29 53 1
P 30 0.020
B 30 10 2
B 30 40 2
B 30 58 1
P 31 0.020
B 31 0 1
B 31 11 1
B 31 15 1
B 31 21 1
B 31 31 2
B 31 35 1
B 31 36 1
B 31 41 3
B 31 47 1
B 31 54 2
B 31 64 1
P 32 0.020
B 32 11 1
B 32 12 2
B 32 22 1
B 32 23 2
B 32 50 2
B 32 54 1
P 33 0.020
B 33 22 1
B 33 25 2
B 33 35 1
B 33 53 1
B 33 59 1
B 33 62 1
B 33 63 1
B 33 65 1
P 34 0.020
B 34 17 2
B 34 19 1
B 34 21 3
B 34 46 1
P 35 0.020
B 35 12 1
B 35 20 1
B 35 25 1
B 35 44 1
B 35 58 1
B 35 61 1
P 36 0.020
B 36 28 1
B 36 40 4
B 36 53 2
P 37 0.020
B 37 10 1
B 37 25 1
B 37 53 1
P 38 0.020
B 38 15 1
B 38 55 1
P 39 0.020
B 39 12 2
B 39 21 1
B 39 22 2
B 39 25 2
B 39 48 1
B 39 49 1
P 40 0.020
B 40 7 2
B 40 11 1
B 40 12 1
B 40 15 2
B 40 17 1
B 40 45 2
B 40 53 2
B 40 54 1
P 41 0.020
B 41 10 1
B 41 11 1
B 41 33 2
B 41 35 1
B 41 44 1
B 41 55 1
B 41 68 1
P 42 0.020
B 42 12 1
B 42 15 1
B 42 16 1
B 42 22 2
B 42 23 1
B 42 26 1
B 42 51 1
B 42 59 1
P 43 0.020
B 43 15 1
B 43 16 1
B 43 22 2
B 43 33 1
B 43 50 1
B 43 56 1
B 43 58 1
B 43 64 1
P 44 0.020
B 44 8 1
B 44 19 1
B 44 23 1
B 44 47 1
B 44 48 3
P 45 0.020
B 45 12 1
B 45 21 1
B 45 36 3
B 45 46 1
B 45 54 1
B 45 55 2
B 45 59 1
P 46 0.020
B 46 3 1
B 46 31 1
B 46 53 2
P 47 0.020
B 47 11 1
B 47 15 1
B 47 17 1
B 47 18 2
B 47 20 1
B 47 22 1
B 47 26 1
B 47 28 1
B 47 41 1
B 47 54 1
B 47 65 1
P 48 0.020
B 48 7 2
B 48 8 1
B 48 22 1
B 48 54 1
P 49 0.020
B 49 9 2
B 49 11 1
B 49 21 1
